-------------------------------------------------------------------------------------------------------------------------------------------------
      frequency   iteration   mesh size   DOF count     setup,s     solve,s  mesh err,s    refine,s     total,s relative S error   H error metric
-------------------------------------------------------------------------------------------------------------------------------------------------
          5e+10           1        2842       20816       12.89       2.834        0.18   0.0008289       15.91                         1.262e-07
                          2        3709       26456       3.857       3.385      0.2547    0.001077       7.498         0.002312        8.917e-08
                          3        4499       31580       4.481       4.351      0.3165    0.001234       9.149         0.001732        6.924e-08
                          4        5575       38540        3.75       5.099      0.4186    0.001449       9.269         0.001029         5.94e-08
                          5        6765       46288       3.592       6.257      0.5424    0.001486       10.39         0.002202        4.505e-08
                          6        7902       53750       3.268       7.175      0.5778    0.001925       11.02         0.001975        3.828e-08
                          7        9416       63592       4.364        9.18      0.7446    0.003272       14.29        0.0008567        2.968e-08
                          8       12142       81434       4.129       12.82       1.282    0.003256       18.23         0.001429         2.35e-08
                          9       14180       94944       4.045       15.04       1.352    0.003857       20.44        0.0008293         2.01e-08
                         10       17120      114108       4.929       19.21       1.703    0.004622       25.84        0.0005776         1.62e-08
                         11       20847      138464       4.632       24.58       2.279     0.00632        31.5        0.0007395         1.41e-08
                         12       25718      170220       4.819       31.91       3.072    0.007209       39.81        0.0006156        1.364e-08
                         13       31700      209286       4.243       42.03        3.66     0.00889       49.94        0.0004937        1.122e-08
                         14       38769      255688       3.386       52.11       4.533     0.00022       60.03        0.0004735         8.82e-09
          3e+08           1       38769      255688       106.9       57.46                               164.3                                  
          1e+09           1       38769      255688       96.08        64.6                               160.7                                  
          2e+09           1       38769      255688       3.129       55.48                               58.61                                  
          3e+09           1       38769      255688       3.416       56.01                               59.42                                  
          4e+09           1       38769      255688       3.203       54.45                               57.66                                  
          5e+09           1       38769      255688       3.224       53.81                               57.03                                  
          6e+09           1       38769      255688       3.203       53.27                               56.47                                  
          7e+09           1       38769      255688       3.175       53.19                               56.36                                  
          8e+09           1       38769      255688       3.172       53.84                               57.01                                  
          9e+09           1       38769      255688       3.243       55.05                                58.3                                  
          1e+10           1       38769      255688       3.221       53.77                               56.99                                  
        1.1e+10           1       38769      255688       3.236       53.98                               57.21                                  
        1.2e+10           1       38769      255688        3.25       52.59                               55.84                                  
        1.3e+10           1       38769      255688       3.375       52.39                               55.77                                  
        1.4e+10           1       38769      255688       3.357       53.14                               56.49                                  
        1.5e+10           1       38769      255688       3.192       51.67                               54.86                                  
        1.6e+10           1       38769      255688       3.344       51.23                               54.57                                  
        1.7e+10           1       38769      255688       3.336       53.71                               57.05                                  
        1.8e+10           1       38769      255688       3.375       53.35                               56.73                                  
        1.9e+10           1       38769      255688        3.39       52.37                               55.76                                  
          2e+10           1       38769      255688       3.333       53.59                               56.92                                  
        2.1e+10           1       38769      255688       3.466       52.55                               56.01                                  
        2.2e+10           1       38769      255688       3.404        53.9                                57.3                                  
        2.3e+10           1       38769      255688       3.401       52.61                               56.01                                  
        2.4e+10           1       38769      255688       3.385        54.2                               57.58                                  
        2.5e+10           1       38769      255688       3.401       55.08                               58.48                                  
        2.6e+10           1       38769      255688       3.486       53.44                               56.93                                  
        2.7e+10           1       38769      255688       3.491       53.23                               56.72                                  
        2.8e+10           1       38769      255688       3.456       53.88                               57.33                                  
        2.9e+10           1       38769      255688       3.479       53.38                               56.85                                  
          3e+10           1       38769      255688       3.517       53.42                               56.94                                  
        3.1e+10           1       38769      255688       4.559       52.71                               57.27                                  
        3.2e+10           1       38769      255688       3.866       52.14                                  56                                  
        3.3e+10           1       38769      255688       4.189       53.42                               57.61                                  
        3.4e+10           1       38769      255688       3.822       52.92                               56.74                                  
        3.5e+10           1       38769      255688        4.04       54.61                               58.65                                  
        3.6e+10           1       38769      255688       4.037       54.13                               58.16                                  
        3.7e+10           1       38769      255688       3.535       53.32                               56.85                                  
        3.8e+10           1       38769      255688        3.55       52.68                               56.23                                  
        3.9e+10           1       38769      255688       3.575       53.74                               57.32                                  
          4e+10           1       38769      255688        4.02       52.91                               56.93                                  
        4.1e+10           1       38769      255688       4.094       53.15                               57.25                                  
        4.2e+10           1       38769      255688       3.703       54.17                               57.88                                  
        4.3e+10           1       38769      255688       4.395       52.69                               57.09                                  
        4.4e+10           1       38769      255688       3.968       53.97                               57.94                                  
        4.5e+10           1       38769      255688       3.683       53.22                                56.9                                  
        4.6e+10           1       38769      255688       3.668       52.39                               56.06                                  
        4.7e+10           1       38769      255688       3.645       52.05                                55.7                                  
        4.8e+10           1       38769      255688       3.661       53.99                               57.65                                  
        4.9e+10           1       38769      255688       3.703       53.23                               56.93                                  
