-------------------------------------------------------------------------------------------------------------------------------------------------
      frequency   iteration   mesh size   DOF count     setup,s     solve,s  mesh err,s    refine,s     total,s relative S error   H error metric
-------------------------------------------------------------------------------------------------------------------------------------------------
        1.3e+10           1         691        5396       4.284      0.5266     0.07721   0.0004108       4.888                         2.102e-06
                          2        1119        8126       1.793         1.4      0.1769   0.0008032       3.371          0.04042        1.589e-06
                          3        1615       11388       1.738       1.469      0.2903   0.0007426       3.497         0.008736        1.004e-06
                          4        2155       14894       1.956        1.72      0.2949   0.0008552       3.972          0.02336        6.997e-07
                          5        2656       18166       1.823       2.534      0.3967   0.0008911       4.755         0.008306        4.528e-07
                          6        3218       21854       2.035       2.374       0.452    0.001016       4.861          0.01347        3.455e-07
                          7        3827       25840       2.029        2.89      0.5396    0.001579       5.461         0.001125        2.647e-07
                          8        4965       33298       1.978       3.947      0.8489    0.001911       6.776         0.003683        2.034e-07
                          9        6411       42804       1.969       5.526       1.151    0.002307       8.648         0.002273          1.5e-07
                         10        8371       55748       2.062       7.364       1.453    0.002514       10.88         0.002703        1.527e-07
                         11       10333       68828        1.97       9.369       1.662    0.003422          13         0.004387        1.506e-07
                         12       13600       89970       2.018       14.01       2.251    0.003783       18.28         0.001746        1.154e-07
                         13       16555      109322       2.178       20.03       2.821    0.005998       25.03         0.003255        9.908e-08
                         14       21220      139540       2.293       24.71       4.044    0.006564       31.06         0.001895        6.084e-08
                         15       26668      174616       2.338       35.08        5.32   0.0002164       42.74        0.0001884        4.543e-08
        8.5e+09           1       26668      174616       2.323        34.8                               37.12                                  
       1.16e+10           1       26668      174616       2.233       33.78                               36.01                                  
