-------------------------------------------------------------------------------------------------------------------------------------------------
      frequency   iteration   mesh size   DOF count     setup,s     solve,s  mesh err,s    refine,s     total,s relative S error   H error metric
-------------------------------------------------------------------------------------------------------------------------------------------------
          1e+10           1        2293       45336       14.24       7.705      0.7515   0.0004594       22.69                         1.202e-06
                          2        2518       49728       2.307        8.98      0.9187   0.0009011       12.21         0.009075        1.134e-06
                          3        2740       54054       2.265       9.994       1.298   0.0007987       13.56          0.01554        1.074e-06
                          4        2853       56244       2.294          11        1.36   0.0009846       14.65          0.01006        9.161e-07
                          5        3191       62868       2.359       11.89       1.722    0.001032       15.97          0.02286        7.354e-07
                          6        3573       70233       2.335       13.24       2.017    0.001171       17.59            0.016         7.12e-07
                          7        3900       76542       2.471       13.89       2.337    0.001327        18.7          0.01969        6.539e-07
                          8        4215       82569       2.391       15.49       2.764    0.001279       20.65          0.01291        5.945e-07
                          9        4574       89529       2.615       16.47       2.828    0.001402       21.92          0.01625        4.821e-07
                         10        4941       96540       2.498       17.89       3.047   0.0002233       23.44         0.003141        4.442e-07
