-------------------------------------------------------------------------------------------------------------------------------------------------
      frequency   iteration   mesh size   DOF count     setup,s     solve,s  mesh err,s    refine,s     total,s relative S error   H error metric
-------------------------------------------------------------------------------------------------------------------------------------------------
          1e+10           1         302       26215       4.098       4.883       2.578   0.0002174       11.56                         4.386e-06
                          2         388       32800       2.377       9.471       6.532   0.0004935       18.38        0.0009161        4.565e-06
                          3         466       38940       2.335       10.88       7.209   0.0004459       20.43        0.0007367        4.029e-06
                          4         653       53520       2.396       12.49       7.208   0.0005471       22.09        8.071e-06        3.604e-06
                          5         835       68000       2.372       20.32       13.22   0.0006989       35.91         0.000353         4.51e-06
                          6        1275      102405       2.369       38.22       24.35    0.000681       64.94          0.00062        3.562e-06
                          7        1667      133365       2.448       44.27       24.13   0.0009386       70.85        0.0005139        3.094e-06
                          8        2418      191935       2.498        64.7       36.18    0.001115       103.4        0.0002681        2.246e-06
                          9        3444      271565       2.575       102.8       49.02   0.0002227       154.4        0.0001385        1.093e-06
