-------------------------------------------------------------------------------------------------------------------------------------------------
      frequency   iteration   mesh size   DOF count     setup,s     solve,s  mesh err,s    refine,s     total,s relative S error   H error metric
-------------------------------------------------------------------------------------------------------------------------------------------------
        1.2e+10           1         718        5696       3.481      0.4481     0.08524   0.0004399       4.015                         1.051e-06
                          2        1080        8130       2.024        0.88      0.2359     0.00116       3.142          0.05928        3.998e-07
                          3        1593       11626       2.245       1.328      0.4597    0.001196       4.033          0.02071        3.512e-07
                          4        2222       15854       2.208       1.806      0.7826    0.001976       4.799          0.01929        3.078e-07
                          5        3359       23418       2.298       3.048        1.24    0.003033       6.589         0.009536        1.835e-07
                          6        4878       33530       2.532       4.515       1.947    0.004239       8.999          0.01377         1.54e-07
                          7        6542       44482       2.645       6.385       2.968    0.005964          12         0.004242        1.118e-07
                          8        8867       59794       2.727       8.865       4.237     0.00822       15.84         0.003271        8.431e-08
                          9       11655       78204       3.061       12.01        6.25     0.01161       21.34          0.00414        5.693e-08
                         10       15536      103710       3.103        17.4        9.27     0.01743       29.79         0.002238        3.589e-08
                         11       22612      150290       4.604       26.95       15.05     0.02013       46.62          0.00258        4.571e-08
                         12       29162      193282       3.828       35.75          20   0.0002113       59.58        0.0009993        2.134e-08
