-------------------------------------------------------------------------------------------------------------------------------------------------
      frequency   iteration   mesh size   DOF count     setup,s     solve,s  mesh err,s    refine,s     total,s relative S error   H error metric
-------------------------------------------------------------------------------------------------------------------------------------------------
          9e+09           1         382         683       1.617     0.05747      0.0166    0.007071       1.698                         1.404e-05
                          2         511         853       1.601     0.06254     0.02707    0.007614       1.698           0.9265        2.245e-05
                          3         700        1097       1.631      0.0761     0.02882    0.007799       1.743            1.027        8.505e-06
                          4         900        1370       1.667     0.09598     0.03613    0.008779       1.808           0.3557        6.264e-06
                          5        1225        1800       1.623      0.1084     0.04067    0.008548        1.78           0.3459        4.597e-06
                          6        1506        2182       1.645      0.1285     0.04064    0.008927       1.823           0.1396        3.763e-06
                          7        1788        2576       1.604      0.1505      0.0511    0.009364       1.815          0.03091         2.74e-06
                          8        2212        3158       1.615      0.1855     0.06123     0.00697       1.869            0.059        2.204e-06
                          9        2925        4147       1.719      0.2399      0.0696     0.01134        2.04          0.05988        1.828e-06
                         10        3842        5336       1.743      0.3407      0.1059       0.014       2.204         0.006195        1.444e-06
                         11        5563        7514       1.737      0.4479      0.2043     0.01717       2.407          0.01903        9.131e-07
                         12        7621       10140       1.771      0.8302      0.2829     0.02177       2.906            0.039        9.115e-07
                         13        9846       13033       1.761       1.091      0.3043     0.02579       3.182          0.01069         5.98e-07
                         14       12215       16023       1.843       1.334      0.3891     0.03146       3.598         0.006685        4.218e-07
                         15       15701       20504       1.812       1.691      0.4647      0.0376       4.006          0.02081        3.513e-07
                         16       20415       26493       1.776       2.199        0.71     0.04712       4.732          0.01161        2.677e-07
                         17       26469       34041       1.955       2.904      0.9986     0.06129       5.918         0.009824        1.987e-07
                         18       34759       44159       1.899       3.936       1.191     0.08248       7.108         0.009286         1.54e-07
                         19       46744       58981       1.941       5.357       1.686      0.1123       9.096         0.003714        1.293e-07
                         20       62058       77855       2.022       7.215       2.315      0.1532       11.71         0.004785          9.5e-08
                         21       82368      102811        2.19       9.449       3.231      0.1955       15.06         0.006454        1.762e-07
                         22      107201      133317       2.105       12.71       3.928      0.2571          19         0.006542        1.193e-07
                         23      137230      169993       2.318        17.5       5.842      0.3503       26.01         0.003141        7.877e-08
                         24      177303      218632       2.682       24.65       8.492      0.4834        36.3         0.002538        7.304e-08
                         25      224419      275763        2.77       33.57       11.49      0.5918       48.43         0.001635        4.813e-08
                         26      289651      354404        2.91       46.99       19.33      0.8094       70.04         0.002442        4.256e-08
                         27      384957      469418       3.683       68.78       28.74        1.14       102.3         0.001815        3.148e-08
                         28      519773      632166       5.282       101.9       50.25       1.685       159.1         0.002902        5.897e-08
                         29      691286      838684       4.624       154.8       69.44   0.0002747       228.9         0.000707        4.387e-08
