-------------------------------------------------------------------------------------------------------------------------------------------------
      frequency   iteration   mesh size   DOF count     setup,s     solve,s  mesh err,s    refine,s     total,s relative S error   H error metric
-------------------------------------------------------------------------------------------------------------------------------------------------
        8.3e+09           1         252        5529       2.242      0.5021      0.1017   0.0002491       2.846                         2.536e-06
                          2         362        7695       1.729       1.007      0.2629   0.0005108       2.999        0.0004221         2.85e-06
                          3         462        9687       1.777       1.555      0.2917   0.0004424       3.624        0.0004071        2.617e-06
                          4         534       11115       1.742        1.33      0.3636   0.0005328       3.436          0.00023        1.514e-06
                          5         685       14073       1.703       1.628      0.4125   0.0005728       3.744        0.0006229        2.188e-06
                          6         996       20115       1.788       2.358      0.6778   0.0006398       4.825        0.0004299        9.699e-07
                          7        1168       23433       1.776       2.925       0.814   0.0006163       5.515         0.002182        6.624e-07
                          8        1414       28338       1.939       3.292      0.8088   0.0006767        6.04          0.00665        8.843e-07
                          9        1793       35739       1.917       4.187      0.8925   0.0007477       6.997        0.0003317        9.182e-07
                         10        2218       44133       1.871       5.127       1.126   0.0008743       8.124        0.0003833        6.926e-07
                         11        2928       57762       2.074       6.637       1.424    0.001106       10.14        0.0003156        5.113e-07
                         12        4029       78792       2.157       9.609       1.943    0.001469       13.71         0.001208        4.397e-07
                         13        5619      108900       2.233       14.72       2.875     0.00195       19.83        7.259e-06        2.361e-07
                         14        7384      142344       2.184       21.06       4.374   0.0002177       27.62        4.435e-05        1.627e-07
