-------------------------------------------------------------------------------------------------------------------------------------------------
      frequency   iteration   mesh size   DOF count     setup,s     solve,s  mesh err,s    refine,s     total,s relative S error   H error metric
-------------------------------------------------------------------------------------------------------------------------------------------------
        8.3e+09           1         252        5529       2.327      0.4999      0.1019   0.0002532       2.929                         2.536e-06
                          2         362        7695       1.775       1.007      0.2639   0.0004959       3.047        0.0004221         2.85e-06
                          3         462        9687       1.743       1.546       0.293   0.0004648       3.582        0.0004071        2.617e-06
                          4         534       11115       1.708       1.297      0.3833   0.0005417       3.389          0.00023        1.514e-06
                          5         685       14073       1.709       1.656      0.4165   0.0005652       3.781        0.0006229        2.188e-06
                          6         996       20115       1.717       2.355      0.6815    0.000634       4.754        0.0004299        9.699e-07
                          7        1168       23433       1.779       2.852      0.8235   0.0005784       5.455         0.002182        6.624e-07
                          8        1414       28338       1.895       3.411      0.8352   0.0006811       6.141          0.00665        8.843e-07
                          9        1793       35739       1.883       4.216      0.9001   0.0007997           7        0.0003317        9.182e-07
                         10        2218       44133       1.866       5.054       1.108   0.0009302       8.028        0.0003833        6.926e-07
                         11        2928       57762       1.983       6.586       1.424    0.001102       9.995        0.0003156        5.113e-07
                         12        4029       78792       2.315       9.528       1.944    0.001588       13.79         0.001208        4.397e-07
                         13        5619      108900       2.163       14.67        2.92    0.001938       19.75        7.259e-06        2.361e-07
                         14        7384      142344       2.229       21.33       4.572    0.002087       28.13        4.435e-05        1.627e-07
                         15        9441      181386        2.31       29.25       5.248    0.003288       36.81        9.189e-05        1.882e-07
                         16       12312      235458       2.522       47.54       8.203    0.003829       58.27        3.901e-05        1.375e-07
                         17       15417      294291        2.84       57.13       10.11    0.004991       70.08        0.0001619        2.157e-07
                         18       20605      392310       3.105       83.85       13.24   0.0002239       100.2        0.0001451        8.916e-08
