-------------------------------------------------------------------------------------------------------------------------------------------------
      frequency   iteration   mesh size   DOF count     setup,s     solve,s  mesh err,s    refine,s     total,s relative S error   H error metric
-------------------------------------------------------------------------------------------------------------------------------------------------
          1e+10           1         302       26215       4.243        4.91       2.592   0.0002068       11.75                         4.386e-06
                          2         388       32800       2.221        9.48       6.311   0.0004283       18.01         0.001167        4.565e-06
                          3         466       38940       2.252       11.06       7.223   0.0004005       20.54        0.0009385        4.029e-06
                          4         653       53520       2.216       12.71       7.236   0.0005067       22.16        7.169e-06        3.604e-06
                          5         835       68000       2.247       20.42       13.22   0.0006614       35.88        0.0004569         4.51e-06
                          6        1275      102405       2.368       39.09       24.24   0.0006388        65.7        0.0007905        3.562e-06
                          7        1667      133365       2.435        43.9       24.01   0.0008886       70.35        0.0006596        3.094e-06
                          8        2418      191935       2.544       65.59       36.25    0.001071       104.4         0.000355        2.246e-06
                          9        3444      271565       2.505       105.1       49.08   0.0001837       156.7        0.0001807        1.093e-06
