-------------------------------------------------------------------------------------------------------------------------------------------------
      frequency   iteration   mesh size   DOF count     setup,s     solve,s  mesh err,s    refine,s     total,s relative S error   H error metric
-------------------------------------------------------------------------------------------------------------------------------------------------
          9e+09           1         165        8004      0.6285       0.696      0.1626   0.0001842       1.487                         1.937e-05
                          2         222       10400      0.5354      0.8998      0.4011   0.0004211       1.837        9.538e-07        1.729e-05
                          3         305       13892      0.5124       1.158      0.5237   0.0004268       2.194        1.437e-05        1.414e-05
                          4         383       17284       0.467       1.719      0.7039   0.0004305        2.89        3.221e-07        7.845e-06
                          5         475       21156      0.4926        1.99      0.9445   0.0004154       3.428        2.969e-07         4.89e-06
                          6         579       25556      0.5103       2.355      0.9348    0.000495       3.801        2.187e-07        4.359e-06
                          7         838       36388      0.4942       3.096       1.261   0.0006111       4.853         1.69e-06        3.822e-06
                          8        1007       43456      0.5454       3.587       1.366   0.0006531         5.5         7.54e-06        1.664e-06
                          9        1421       60676      0.5273       5.684       2.422   0.0009538       8.634        3.936e-07        1.449e-06
                         10        2339       99116      0.6411       10.53       3.769   0.0001671       14.94        5.136e-07        7.137e-07
          1e+10           1        2339       99116      0.6189       10.54        3.78   1.313e-06       14.94                         4.488e-07
        1.1e+10           1        2339       99116      0.6251       10.63       3.796   0.0007075       15.05                          1.17e-06
                          2        3105      131116        0.73       14.05       4.378   0.0001901       19.15        4.482e-06        8.111e-07
          9e+09          11        3105      131116      0.7215       14.41                               15.13                                  
          1e+10           2        3105      131116      0.7445       14.15                               14.89                                  
