-------------------------------------------------------------------------------------------------------------------------------------------------
      frequency   iteration   mesh size   DOF count     setup,s     solve,s  mesh err,s    refine,s     total,s relative S error   H error metric
-------------------------------------------------------------------------------------------------------------------------------------------------
          9e+09           1         165        8004      0.6127      0.6923      0.1626   0.0001934       1.468                         1.937e-05
                          2         222       10400      0.5287      0.9028      0.4022   0.0002493       1.834        9.538e-07        1.729e-05
          1e+10           1         222       10400       0.489       0.844      0.4101   0.0001442       1.743                         1.824e-06
                          2         266       12228       0.501       1.111      0.4273   0.0004235       2.039        1.291e-05        1.245e-06
                          3         387       17372      0.4757       1.774      0.7227   0.0003862       2.973        5.044e-05        1.065e-06
                          4         448       19892      0.5156       1.834      0.7385   0.0004273       3.088        0.0002929        1.264e-06
                          5         582       25692      0.5043       2.157      0.8954   0.0004635       3.557        4.572e-06        1.296e-06
                          6         805       35248      0.6024       2.948       1.066   0.0005312       4.616        2.302e-05        7.777e-07
                          7        1072       46432      0.5852       4.102       1.588   0.0005428       6.276        3.648e-06        3.926e-07
                          8        1295       55692      0.6304       4.707         1.7    0.000736       7.038        1.422e-06        6.097e-07
                          9        1647       70400      0.6215       7.117       2.757    0.000949        10.5        1.261e-06        2.746e-07
                         10        2343       99560        0.73        10.3       3.877     0.00103       14.91        1.894e-05        1.967e-07
                         11        3927      165536      0.7945       18.17        5.18    0.002043       24.14        3.551e-05         2.42e-07
                         12        5359      225048      0.7874       33.63       11.78   0.0001914        46.2         5.69e-08        2.371e-07
        1.1e+10           1        5359      225048      0.8468       33.39       11.56    0.002066        45.8                         1.193e-06
                          2        6608      276988      0.8158       43.84       13.72   0.0001825       58.37        6.957e-08        6.711e-07
          9e+09           3        6608      276988      0.8026          43                                43.8                                  
          1e+10          13        6608      276988      0.8107        43.8                               44.61                                  
