-------------------------------------------------------------------------------------------------------------------------------------------------
      frequency   iteration   mesh size   DOF count     setup,s     solve,s  mesh err,s    refine,s     total,s relative S error   H error metric
-------------------------------------------------------------------------------------------------------------------------------------------------
        3.5e+10           1         776       17031       24.92       2.157      0.3375   0.0004417       27.42                         2.192e-07
                          2        1479       30285       2.911        4.52      0.8268   0.0007694       8.259         0.004669         2.05e-07
                          3        1839       37407       2.973       5.615       1.138    0.001485       9.727          0.01382        2.666e-07
                          4        2876       57174       2.833       10.46       2.848    0.001204       16.14         0.006057        8.665e-07
                          5        3201       63342       3.049       11.16       3.437    0.001815       17.65        1.915e-05        2.599e-07
                          6        4393       86109       3.238          17       4.516    0.002658       24.75         0.004579        2.238e-07
                          7        5879      114636       3.045       25.25       7.076    0.003531       35.38         0.002083        6.021e-08
                          8        7375      143061       3.318       34.11       10.25    0.005318       47.68         0.001939        2.861e-08
                          9        9764      188610       3.456       49.03       15.96    0.007879       68.46         0.002368         1.48e-07
                         10       13056      251250       3.624       77.16       22.71     0.00965       103.5         0.001392        2.821e-07
                         11       16836      322749       3.934       107.1       29.95      0.0145         141         0.001196        7.636e-08
                         12       21588      413067       4.087       141.8       41.76     0.02051       187.7         0.001158        3.514e-08
                         13       27786      530175       4.173       191.5        62.8     0.02916       258.5         0.000659        8.866e-08
                         14       36120      687351       4.591       263.4       83.34   0.0002754       351.3        0.0004105        4.313e-08
        2.6e+10           1       36120      687351       4.344       256.6                               260.9                                  
        2.7e+10           1       36120      687351       4.485       263.4                               267.9                                  
        2.8e+10           1       36120      687351       4.508       268.4                               272.9                                  
        2.9e+10           1       36120      687351       4.556       258.8                               263.4                                  
          3e+10           1       36120      687351       4.603         255                               259.6                                  
        3.1e+10           1       36120      687351       4.592       259.6                               264.2                                  
        3.2e+10           1       36120      687351       4.573       261.2                               265.8                                  
        3.3e+10           1       36120      687351       4.584       256.6                               261.2                                  
        3.4e+10           1       36120      687351       4.631       255.5                               260.2                                  
        3.6e+10           1       36120      687351       4.638       265.9                               270.5                                  
        3.7e+10           1       36120      687351       4.622       259.8                               264.4                                  
        3.8e+10           1       36120      687351       4.643       259.6                               264.2                                  
        3.9e+10           1       36120      687351       4.741       259.9                               264.7                                  
          4e+10           1       36120      687351       4.685       260.5                               265.2                                  
