-------------------------------------------------------------------------------------------------------------------------------------------------
      frequency   iteration   mesh size   DOF count     setup,s     solve,s  mesh err,s    refine,s     total,s relative S error   H error metric
-------------------------------------------------------------------------------------------------------------------------------------------------
        1.2e+10           1       11270      225735       5.486        37.2       1.985    0.004246       44.68                          0.000119
                          2       14260      281760       1.102       56.11       5.145    0.005956       62.36          0.08837        3.962e-05
                          3       17883      349512       1.101       68.28       6.851    0.007058       76.24         0.005856         2.53e-05
                          4       22049      427458       1.117       90.78       9.007    0.008154       100.9         0.003458        6.007e-05
                          5       25833      497811       1.124       126.4       10.66    0.008692       138.2          0.01862        1.663e-05
                          6       30027      575832       1.216       176.8       11.35   0.0001411       189.3           0.0076        1.152e-05
          1e+08           1       30027      575832        2.87       168.4                               171.3                                  
          2e+08           1       30027      575832        1.22       166.1                               167.3                                  
          3e+08           1       30027      575832       1.186       166.8                                 168                                  
          4e+08           1       30027      575832        1.17         188                               189.1                                  
          5e+08           1       30027      575832       1.232       189.3                               190.6                                  
          6e+08           1       30027      575832       1.142       169.1                               170.3                                  
          7e+08           1       30027      575832       1.081       199.4                               200.5                                  
          8e+08           1       30027      575832       1.141         179                               180.2                                  
          9e+08           1       30027      575832       1.189       171.6                               172.8                                  
          1e+09           1       30027      575832       1.155       182.8                                 184                                  
        1.1e+09           1       30027      575832       1.152         167                               168.1                                  
        1.2e+09           1       30027      575832       1.077       180.1                               181.1                                  
        1.3e+09           1       30027      575832       1.283         186                               187.3                                  
        1.4e+09           1       30027      575832       1.176       174.9                               176.1                                  
        1.5e+09           1       30027      575832       1.224       178.2                               179.5                                  
        1.6e+09           1       30027      575832       1.149       171.4                               172.5                                  
        1.7e+09           1       30027      575832       1.251       175.2                               176.4                                  
        1.8e+09           1       30027      575832        1.13       170.5                               171.6                                  
        1.9e+09           1       30027      575832       1.118       168.7                               169.8                                  
          2e+09           1       30027      575832       1.243       184.7                               185.9                                  
        2.1e+09           1       30027      575832       1.282       178.8                               180.1                                  
        2.2e+09           1       30027      575832       1.118       166.4                               167.6                                  
        2.3e+09           1       30027      575832        1.18       170.8                                 172                                  
        2.4e+09           1       30027      575832       1.163       179.4                               180.6                                  
        2.5e+09           1       30027      575832       1.259       170.9                               172.1                                  
        2.6e+09           1       30027      575832       1.165       174.8                                 176                                  
        2.7e+09           1       30027      575832       1.207       189.2                               190.5                                  
        2.8e+09           1       30027      575832       1.217       177.6                               178.9                                  
        2.9e+09           1       30027      575832       1.245       179.8                                 181                                  
          3e+09           1       30027      575832        1.18         167                               168.2                                  
        3.1e+09           1       30027      575832       1.273       199.6                               200.8                                  
        3.2e+09           1       30027      575832       1.205       185.6                               186.8                                  
        3.3e+09           1       30027      575832        1.22       169.8                                 171                                  
        3.4e+09           1       30027      575832       1.142       176.8                                 178                                  
        3.5e+09           1       30027      575832       1.261       171.6                               172.9                                  
        3.6e+09           1       30027      575832       1.248       177.6                               178.8                                  
        3.7e+09           1       30027      575832       1.155       191.9                               193.1                                  
        3.8e+09           1       30027      575832       1.241       170.4                               171.6                                  
        3.9e+09           1       30027      575832       1.304       189.5                               190.8                                  
          4e+09           1       30027      575832       1.204       179.7                               180.9                                  
        4.1e+09           1       30027      575832       1.143       187.8                               188.9                                  
        4.2e+09           1       30027      575832       1.187       163.2                               164.4                                  
        4.3e+09           1       30027      575832       1.276       183.1                               184.4                                  
        4.4e+09           1       30027      575832        1.19       174.4                               175.6                                  
        4.5e+09           1       30027      575832       1.277       170.2                               171.5                                  
        4.6e+09           1       30027      575832       1.222       197.2                               198.4                                  
        4.7e+09           1       30027      575832       1.216         173                               174.2                                  
        4.8e+09           1       30027      575832       1.434         190                               191.4                                  
        4.9e+09           1       30027      575832       1.208       179.1                               180.3                                  
          5e+09           1       30027      575832        1.29       178.6                               179.9                                  
        5.1e+09           1       30027      575832       1.298       186.7                                 188                                  
        5.2e+09           1       30027      575832       1.306       177.8                               179.1                                  
        5.3e+09           1       30027      575832       1.419       177.7                               179.2                                  
        5.4e+09           1       30027      575832       1.333       171.1                               172.5                                  
        5.5e+09           1       30027      575832       1.238       181.9                               183.2                                  
        5.6e+09           1       30027      575832       1.309       175.5                               176.8                                  
        5.7e+09           1       30027      575832       1.251       165.9                               167.2                                  
        5.8e+09           1       30027      575832       1.167       183.1                               184.2                                  
        5.9e+09           1       30027      575832       1.254       190.6                               191.9                                  
          6e+09           1       30027      575832       1.155       179.6                               180.8                                  
        6.1e+09           1       30027      575832       1.347       179.3                               180.7                                  
        6.2e+09           1       30027      575832       1.309       174.6                                 176                                  
        6.3e+09           1       30027      575832       1.276       183.8                                 185                                  
        6.4e+09           1       30027      575832       1.199       174.5                               175.7                                  
        6.5e+09           1       30027      575832       1.192       168.8                                 170                                  
        6.6e+09           1       30027      575832       1.182       180.7                               181.9                                  
        6.7e+09           1       30027      575832       1.214       185.9                               187.1                                  
        6.8e+09           1       30027      575832       1.215       171.2                               172.4                                  
        6.9e+09           1       30027      575832       1.113         183                               184.1                                  
          7e+09           1       30027      575832       1.215       179.8                               181.1                                  
        7.1e+09           1       30027      575832        1.21       178.1                               179.3                                  
        7.2e+09           1       30027      575832       1.214       169.9                               171.1                                  
        7.3e+09           1       30027      575832       1.244       185.3                               186.6                                  
        7.4e+09           1       30027      575832       1.222       171.1                               172.3                                  
        7.5e+09           1       30027      575832       1.223         167                               168.2                                  
        7.6e+09           1       30027      575832       1.221       176.8                                 178                                  
        7.7e+09           1       30027      575832       1.235         169                               170.2                                  
        7.8e+09           1       30027      575832       1.181       169.6                               170.8                                  
        7.9e+09           1       30027      575832       1.238       162.4                               163.6                                  
          8e+09           1       30027      575832       1.255       185.5                               186.7                                  
        8.1e+09           1       30027      575832       1.164       164.3                               165.4                                  
        8.2e+09           1       30027      575832        1.23       168.8                                 170                                  
        8.3e+09           1       30027      575832        1.26       173.7                                 175                                  
        8.4e+09           1       30027      575832        1.25       166.1                               167.3                                  
        8.5e+09           1       30027      575832       1.226       168.7                               169.9                                  
        8.6e+09           1       30027      575832        1.22       180.1                               181.4                                  
        8.7e+09           1       30027      575832       1.269       171.3                               172.6                                  
        8.8e+09           1       30027      575832       1.241       166.1                               167.4                                  
        8.9e+09           1       30027      575832        1.32       174.6                               175.9                                  
          9e+09           1       30027      575832       1.271       176.9                               178.2                                  
        9.1e+09           1       30027      575832       1.257         172                               173.2                                  
        9.2e+09           1       30027      575832       1.194       184.8                                 186                                  
        9.3e+09           1       30027      575832        1.39       176.5                               177.8                                  
        9.4e+09           1       30027      575832       1.247       183.7                                 185                                  
        9.5e+09           1       30027      575832       1.198       188.2                               189.4                                  
        9.6e+09           1       30027      575832       1.278       170.5                               171.7                                  
        9.7e+09           1       30027      575832       1.368       182.2                               183.5                                  
        9.8e+09           1       30027      575832       1.307       169.1                               170.4                                  
        9.9e+09           1       30027      575832       1.431       165.6                                 167                                  
          1e+10           1       30027      575832       1.212       192.6                               193.8                                  
       1.01e+10           1       30027      575832       1.379       164.4                               165.7                                  
       1.02e+10           1       30027      575832       1.293       178.8                               180.1                                  
       1.03e+10           1       30027      575832       1.361       182.7                                 184                                  
       1.04e+10           1       30027      575832        1.36       179.3                               180.7                                  
       1.05e+10           1       30027      575832        1.33       179.5                               180.8                                  
       1.06e+10           1       30027      575832       1.326       177.6                               178.9                                  
       1.07e+10           1       30027      575832       1.295       175.2                               176.5                                  
       1.08e+10           1       30027      575832       1.369       170.4                               171.8                                  
       1.09e+10           1       30027      575832       1.316       191.7                                 193                                  
        1.1e+10           1       30027      575832       1.412       171.3                               172.7                                  
       1.11e+10           1       30027      575832       1.418       171.6                                 173                                  
       1.12e+10           1       30027      575832        1.39       174.3                               175.7                                  
       1.13e+10           1       30027      575832       1.432       160.8                               162.2                                  
       1.14e+10           1       30027      575832       1.222       193.1                               194.4                                  
       1.15e+10           1       30027      575832       1.329       170.2                               171.6                                  
       1.16e+10           1       30027      575832       1.373       193.3                               194.6                                  
       1.17e+10           1       30027      575832       1.412         179                               180.4                                  
       1.18e+10           1       30027      575832       1.308         171                               172.3                                  
       1.19e+10           1       30027      575832       1.337       172.1                               173.4                                  
