-------------------------------------------------------------------------------------------------------------------------------------------------
      frequency   iteration   mesh size   DOF count     setup,s     solve,s  mesh err,s    refine,s     total,s relative S error   H error metric
-------------------------------------------------------------------------------------------------------------------------------------------------
          3e+09           1       11270      225735       5.483       35.82       2.024    0.004175       43.33                         0.0002587
                          2       14166      280200       1.158       51.03       5.358    0.008355       57.55           0.1647        7.161e-05
                          3       18643      364680       1.124       68.89       10.05     0.01317       80.08          0.08782        3.336e-05
                          4       23941      464553       1.145       100.6       15.99      0.0208       117.7          0.02357        1.629e-05
                          5       31582      608763       1.171       150.1       24.89     0.02538       176.1          0.02619        8.189e-06
                          6       37902      727878       1.227       199.9       31.57     0.03403       232.7           0.0105        9.848e-05
                          7       47374      906207       1.305       287.1       39.61   0.0001386         328         0.009647        1.379e-05
        1.6e+09           1       47374      906207       1.263       292.1                               293.4                                  
       1.62e+09           1       47374      906207       1.271       273.4                               274.7                                  
       1.64e+09           1       47374      906207       1.308       260.9                               262.2                                  
       1.66e+09           1       47374      906207       1.205       274.6                               275.8                                  
       1.68e+09           1       47374      906207       1.249       272.8                                 274                                  
        1.7e+09           1       47374      906207       1.233       263.7                                 265                                  
       1.72e+09           1       47374      906207       1.319       274.2                               275.5                                  
       1.74e+09           1       47374      906207       1.228       260.8                                 262                                  
       1.76e+09           1       47374      906207       1.309       262.8                               264.1                                  
       1.78e+09           1       47374      906207       1.333       274.7                                 276                                  
        1.8e+09           1       47374      906207       1.326       279.6                               280.9                                  
       1.82e+09           1       47374      906207       1.283       266.3                               267.6                                  
       1.84e+09           1       47374      906207         1.3       261.7                                 263                                  
       1.86e+09           1       47374      906207       1.323       278.7                                 280                                  
       1.88e+09           1       47374      906207        1.37       288.4                               289.8                                  
        1.9e+09           1       47374      906207       1.435       286.5                                 288                                  
       1.92e+09           1       47374      906207       1.363       277.6                                 279                                  
       1.94e+09           1       47374      906207       1.176       284.6                               285.7                                  
       1.96e+09           1       47374      906207       1.212       267.7                               268.9                                  
       1.98e+09           1       47374      906207       1.347       275.6                                 277                                  
          2e+09           1       47374      906207       1.316       271.5                               272.8                                  
       2.02e+09           1       47374      906207       1.267       285.7                               286.9                                  
       2.04e+09           1       47374      906207       1.286       248.4                               249.7                                  
       2.06e+09           1       47374      906207       1.357       267.2                               268.6                                  
       2.08e+09           1       47374      906207       1.348       288.4                               289.7                                  
        2.1e+09           1       47374      906207       1.326       278.8                               280.1                                  
       2.12e+09           1       47374      906207       1.313       280.6                               281.9                                  
       2.14e+09           1       47374      906207       1.215         274                               275.2                                  
       2.16e+09           1       47374      906207        1.19       286.4                               287.6                                  
       2.18e+09           1       47374      906207       1.194       266.9                               268.1                                  
        2.2e+09           1       47374      906207       1.348       290.9                               292.2                                  
       2.22e+09           1       47374      906207       1.339       279.5                               280.8                                  
       2.24e+09           1       47374      906207       1.293       272.6                               273.9                                  
       2.26e+09           1       47374      906207       1.362       262.8                               264.2                                  
       2.28e+09           1       47374      906207       1.396       257.7                               259.1                                  
        2.3e+09           1       47374      906207       1.345       270.3                               271.7                                  
       2.32e+09           1       47374      906207       1.323       258.6                               259.9                                  
       2.34e+09           1       47374      906207       1.399       265.6                                 267                                  
       2.36e+09           1       47374      906207       1.298       269.8                               271.1                                  
       2.38e+09           1       47374      906207       1.212         280                               281.2                                  
        2.4e+09           1       47374      906207       1.332       271.3                               272.6                                  
