-------------------------------------------------------------------------------------------------------------------------------------------------
      frequency   iteration   mesh size   DOF count     setup,s     solve,s  mesh err,s    refine,s     total,s relative S error   H error metric
-------------------------------------------------------------------------------------------------------------------------------------------------
          3e+09           1       11270      225735       5.563       36.45       2.004    0.004202       44.02                         0.0002587
                          2       14166      280200       1.079       51.65       5.193    0.008277       57.93           0.1647        7.161e-05
                          3       18643      364680       1.103       69.31       9.809     0.01304       80.23          0.08782        3.336e-05
                          4       23941      464553       1.125       97.42       15.82     0.02084       114.4          0.02357        1.629e-05
                          5       31582      608763       1.171       141.2       24.92      0.0247       167.3          0.02619        8.189e-06
                          6       37902      727878       1.188       196.4        31.6     0.03269       229.2           0.0105        9.848e-05
                          7       47374      906207       1.225       280.3       39.68   0.0001447       321.2         0.009647        1.379e-05
          1e+08           1       47374      906207       2.852       270.4                               273.3                                  
          2e+08           1       47374      906207       1.135       284.4                               285.5                                  
          3e+08           1       47374      906207       1.313       262.7                                 264                                  
          4e+08           1       47374      906207       1.232         275                               276.3                                  
          5e+08           1       47374      906207       1.257       275.2                               276.4                                  
          6e+08           1       47374      906207        1.23       276.2                               277.4                                  
          7e+08           1       47374      906207         1.2       268.3                               269.5                                  
          8e+08           1       47374      906207       1.261       260.1                               261.4                                  
          9e+08           1       47374      906207       1.269       263.8                                 265                                  
          1e+09           1       47374      906207       1.304       269.1                               270.4                                  
        1.1e+09           1       47374      906207       1.149       269.6                               270.7                                  
        1.2e+09           1       47374      906207       1.322       276.7                                 278                                  
        1.3e+09           1       47374      906207       1.333       276.9                               278.2                                  
        1.4e+09           1       47374      906207       1.275       285.3                               286.6                                  
        1.5e+09           1       47374      906207       1.241       266.3                               267.6                                  
        1.6e+09           1       47374      906207       1.261       259.3                               260.6                                  
        1.7e+09           1       47374      906207       1.289       271.3                               272.6                                  
        1.8e+09           1       47374      906207       1.252       282.8                               284.1                                  
        1.9e+09           1       47374      906207       1.255       281.5                               282.7                                  
          2e+09           1       47374      906207       1.191       282.4                               283.6                                  
        2.1e+09           1       47374      906207       1.335       252.4                               253.7                                  
        2.2e+09           1       47374      906207       1.303       276.6                               277.9                                  
        2.3e+09           1       47374      906207       1.316       266.9                               268.2                                  
        2.4e+09           1       47374      906207       1.314       264.1                               265.4                                  
        2.5e+09           1       47374      906207       1.338       251.6                               252.9                                  
        2.6e+09           1       47374      906207       1.316       270.5                               271.8                                  
        2.7e+09           1       47374      906207       1.358       287.2                               288.6                                  
        2.8e+09           1       47374      906207       1.256       275.6                               276.9                                  
        2.9e+09           1       47374      906207       1.324       273.3                               274.7                                  
        3.1e+09           1       47374      906207       1.372       284.9                               286.2                                  
        3.2e+09           1       47374      906207       1.358       268.1                               269.4                                  
        3.3e+09           1       47374      906207       1.371       262.6                                 264                                  
        3.4e+09           1       47374      906207       1.347       279.8                               281.1                                  
        3.5e+09           1       47374      906207       1.242       280.4                               281.6                                  
        3.6e+09           1       47374      906207       1.283       278.7                                 280                                  
        3.7e+09           1       47374      906207       1.328       267.3                               268.6                                  
        3.8e+09           1       47374      906207       1.224         286                               287.2                                  
        3.9e+09           1       47374      906207       1.237         256                               257.2                                  
          4e+09           1       47374      906207       1.266       285.7                                 287                                  
        4.1e+09           1       47374      906207       1.234       280.8                               282.1                                  
        4.2e+09           1       47374      906207       1.285       283.3                               284.6                                  
        4.3e+09           1       47374      906207       1.349       261.5                               262.9                                  
        4.4e+09           1       47374      906207       1.363       254.4                               255.7                                  
        4.5e+09           1       47374      906207       1.346         264                               265.4                                  
        4.6e+09           1       47374      906207       1.304       273.7                                 275                                  
        4.7e+09           1       47374      906207       1.344         275                               276.3                                  
        4.8e+09           1       47374      906207       1.293       275.9                               277.2                                  
        4.9e+09           1       47374      906207       1.305       261.5                               262.8                                  
          5e+09           1       47374      906207       1.294       266.3                               267.6                                  
        5.1e+09           1       47374      906207       1.276       257.5                               258.8                                  
        5.2e+09           1       47374      906207       1.312       265.3                               266.6                                  
        5.3e+09           1       47374      906207         1.3       243.2                               244.5                                  
        5.4e+09           1       47374      906207       1.296       278.3                               279.6                                  
        5.5e+09           1       47374      906207       1.311       255.5                               256.8                                  
        5.6e+09           1       47374      906207       1.306       266.6                               267.9                                  
        5.7e+09           1       47374      906207       1.309       261.3                               262.6                                  
        5.8e+09           1       47374      906207       1.313       249.8                               251.1                                  
        5.9e+09           1       47374      906207       1.304       270.7                                 272                                  
          6e+09           1       47374      906207       1.316       270.2                               271.5                                  
        6.1e+09           1       47374      906207       1.322       258.6                               259.9                                  
        6.2e+09           1       47374      906207       1.318       269.8                               271.2                                  
        6.3e+09           1       47374      906207       1.303       281.2                               282.5                                  
        6.4e+09           1       47374      906207       1.214       257.2                               258.4                                  
        6.5e+09           1       47374      906207       1.239       271.9                               273.2                                  
        6.6e+09           1       47374      906207       1.318       267.4                               268.7                                  
        6.7e+09           1       47374      906207        1.36       273.4                               274.8                                  
        6.8e+09           1       47374      906207       1.323       278.4                               279.7                                  
        6.9e+09           1       47374      906207       1.315       272.7                                 274                                  
          7e+09           1       47374      906207       1.314       257.9                               259.2                                  
        7.1e+09           1       47374      906207       1.334       264.9                               266.2                                  
        7.2e+09           1       47374      906207       1.334       280.1                               281.4                                  
        7.3e+09           1       47374      906207       1.345       259.9                               261.3                                  
        7.4e+09           1       47374      906207       1.306       262.2                               263.5                                  
        7.5e+09           1       47374      906207       1.328       266.2                               267.5                                  
        7.6e+09           1       47374      906207       1.327       270.6                                 272                                  
        7.7e+09           1       47374      906207       1.335       255.6                               256.9                                  
        7.8e+09           1       47374      906207       1.248       251.6                               252.9                                  
        7.9e+09           1       47374      906207       1.353       273.8                               275.2                                  
          8e+09           1       47374      906207       1.373       274.7                               276.1                                  
        8.1e+09           1       47374      906207       1.367       270.5                               271.9                                  
        8.2e+09           1       47374      906207       1.345       278.8                               280.1                                  
        8.3e+09           1       47374      906207        1.38       267.9                               269.2                                  
        8.4e+09           1       47374      906207        1.34       257.1                               258.4                                  
        8.5e+09           1       47374      906207       1.394       271.4                               272.8                                  
        8.6e+09           1       47374      906207       1.504       284.9                               286.4                                  
        8.7e+09           1       47374      906207        1.34       276.5                               277.8                                  
        8.8e+09           1       47374      906207       1.369         295                               296.3                                  
        8.9e+09           1       47374      906207       1.374       270.4                               271.8                                  
          9e+09           1       47374      906207       1.436       279.6                                 281                                  
        9.1e+09           1       47374      906207       1.443       280.2                               281.6                                  
        9.2e+09           1       47374      906207       1.349       264.9                               266.3                                  
        9.3e+09           1       47374      906207       1.563       269.3                               270.9                                  
        9.4e+09           1       47374      906207        1.39       263.9                               265.3                                  
        9.5e+09           1       47374      906207       1.388       272.9                               274.3                                  
        9.6e+09           1       47374      906207       1.384       278.3                               279.6                                  
        9.7e+09           1       47374      906207       1.281       259.5                               260.8                                  
        9.8e+09           1       47374      906207       1.377       263.1                               264.5                                  
        9.9e+09           1       47374      906207       1.389       257.8                               259.2                                  
          1e+10           1       47374      906207       1.359       262.8                               264.2                                  
       1.01e+10           1       47374      906207       1.373         257                               258.4                                  
       1.02e+10           1       47374      906207       1.283         278                               279.3                                  
       1.03e+10           1       47374      906207       1.283       247.9                               249.2                                  
       1.04e+10           1       47374      906207       1.384       273.2                               274.5                                  
       1.05e+10           1       47374      906207       1.406         268                               269.4                                  
       1.06e+10           1       47374      906207       1.384       271.9                               273.2                                  
       1.07e+10           1       47374      906207       1.307       259.2                               260.5                                  
       1.08e+10           1       47374      906207       1.393       280.3                               281.7                                  
       1.09e+10           1       47374      906207       1.384       258.7                               260.1                                  
        1.1e+10           1       47374      906207       1.384       276.8                               278.2                                  
       1.11e+10           1       47374      906207       1.396         281                               282.4                                  
       1.12e+10           1       47374      906207       1.402         270                               271.4                                  
       1.13e+10           1       47374      906207       1.418       260.6                               262.1                                  
       1.14e+10           1       47374      906207       1.297       256.8                               258.1                                  
       1.15e+10           1       47374      906207       1.413       270.1                               271.5                                  
       1.16e+10           1       47374      906207       1.326       273.3                               274.7                                  
       1.17e+10           1       47374      906207       1.406       260.1                               261.5                                  
       1.18e+10           1       47374      906207       1.327       252.5                               253.8                                  
       1.19e+10           1       47374      906207        1.37       256.1                               257.5                                  
        1.2e+10           1       47374      906207       1.382       273.5                               274.9                                  
