-------------------------------------------------------------------------------------------------------------------------------------------------
      frequency   iteration   mesh size   DOF count     setup,s     solve,s  mesh err,s    refine,s     total,s relative S error   H error metric
-------------------------------------------------------------------------------------------------------------------------------------------------
        1.2e+10           1       11270      225735       5.566        35.9       1.982    0.004292       43.45                          0.000119
                          2       14260      281760       1.075       55.84       5.139    0.005966       62.06          0.08837        3.962e-05
                          3       17883      349512       1.111       71.26       6.966     0.00709       79.35         0.005856         2.53e-05
                          4       22049      427458       1.119       94.94       9.019    0.008017       105.1         0.003458        6.007e-05
                          5       25833      497811       1.153       125.3       10.22    0.008697       136.7          0.01862        1.663e-05
                          6       30027      575832       1.172       185.4       11.48   0.0001381         198           0.0076        1.152e-05
        1.6e+09           1       30027      575832       2.874       183.6                               186.5                                  
       1.62e+09           1       30027      575832       1.156       164.5                               165.7                                  
       1.64e+09           1       30027      575832        1.16       211.2                               212.3                                  
       1.66e+09           1       30027      575832       1.203       183.8                                 185                                  
       1.68e+09           1       30027      575832       1.159       173.3                               174.4                                  
        1.7e+09           1       30027      575832       1.172       174.4                               175.6                                  
       1.72e+09           1       30027      575832       1.213       170.8                                 172                                  
       1.74e+09           1       30027      575832       1.035       177.6                               178.7                                  
       1.76e+09           1       30027      575832        1.19       197.2                               198.4                                  
       1.78e+09           1       30027      575832        1.23       170.5                               171.8                                  
        1.8e+09           1       30027      575832        1.14       172.6                               173.7                                  
       1.82e+09           1       30027      575832       1.171         182                               183.1                                  
       1.84e+09           1       30027      575832       1.074       169.7                               170.8                                  
       1.86e+09           1       30027      575832       1.065       168.2                               169.3                                  
       1.88e+09           1       30027      575832       1.143       178.5                               179.6                                  
        1.9e+09           1       30027      575832       1.195       171.9                               173.1                                  
       1.92e+09           1       30027      575832       1.188       167.4                               168.6                                  
       1.94e+09           1       30027      575832       1.117         181                               182.1                                  
       1.96e+09           1       30027      575832       1.187       167.3                               168.5                                  
       1.98e+09           1       30027      575832       1.186       181.3                               182.4                                  
          2e+09           1       30027      575832       1.109       166.9                                 168                                  
       2.02e+09           1       30027      575832       1.173       170.6                               171.8                                  
       2.04e+09           1       30027      575832       1.228       174.1                               175.3                                  
       2.06e+09           1       30027      575832       1.104       164.4                               165.5                                  
       2.08e+09           1       30027      575832       1.145       172.6                               173.7                                  
        2.1e+09           1       30027      575832       1.138       192.7                               193.8                                  
       2.12e+09           1       30027      575832       1.149       164.8                               165.9                                  
       2.14e+09           1       30027      575832       1.157         186                               187.1                                  
       2.16e+09           1       30027      575832       1.196       178.8                                 180                                  
       2.18e+09           1       30027      575832       1.183       184.5                               185.7                                  
        2.2e+09           1       30027      575832       1.205       170.9                               172.1                                  
       2.22e+09           1       30027      575832       1.143       169.8                                 171                                  
       2.24e+09           1       30027      575832       1.249       168.5                               169.8                                  
       2.26e+09           1       30027      575832       1.184       178.5                               179.7                                  
       2.28e+09           1       30027      575832       1.202       168.4                               169.6                                  
        2.3e+09           1       30027      575832        1.11       167.1                               168.2                                  
       2.32e+09           1       30027      575832       1.111       170.6                               171.7                                  
       2.34e+09           1       30027      575832       1.244       166.5                               167.7                                  
       2.36e+09           1       30027      575832       1.089       170.9                                 172                                  
       2.38e+09           1       30027      575832       1.225       176.9                               178.1                                  
        2.4e+09           1       30027      575832       1.199       180.9                               182.1                                  
