-------------------------------------------------------------------------------------------------------------------------------------------------
      frequency   iteration   mesh size   DOF count     setup,s     solve,s  mesh err,s    refine,s     total,s relative S error   H error metric
-------------------------------------------------------------------------------------------------------------------------------------------------
          1e+10           1        5295      233432       3.022       42.17       4.215     0.01551       49.42                         1.285e-05
                          2        7723      332868       1.126       68.41       11.06     0.01725        80.6          0.05151        2.147e-05
                          3        8636      370168       1.125       79.66       11.05     0.02618       91.86         0.000634        8.905e-06
                          4       10073      429552        1.18       109.4       15.62     0.02228       126.2          0.06436        7.148e-06
                          5       11370      483572       1.686       130.4        18.7     0.02407       150.8           0.1883        1.222e-05
                          6       12343      524128       1.893         138       20.28     0.02694       160.2           0.1283        7.379e-06
                          7       13902      588432       2.033       165.1       21.79     0.02954         189          0.03142        5.463e-06
                          8       15143      640168       2.325       184.7       23.55     0.03285       210.6          0.01768        3.198e-06
                          9       16689      704252       2.065       220.6       28.51   0.0001969       251.2         0.002442         5.24e-06
          1e+09           1       16689      704252       19.78       211.8                               231.6                                  
        1.1e+09           1       16689      704252       2.205       228.7                               230.9                                  
        1.2e+09           1       16689      704252       2.327       220.4                               222.7                                  
        1.3e+09           1       16689      704252       2.532       209.4                               211.9                                  
        1.4e+09           1       16689      704252       2.076       225.2                               227.3                                  
        1.5e+09           1       16689      704252        2.39       215.8                               218.1                                  
        1.6e+09           1       16689      704252       2.355       211.3                               213.6                                  
        1.7e+09           1       16689      704252       2.293       214.5                               216.7                                  
        1.8e+09           1       16689      704252       2.075       237.1                               239.2                                  
        1.9e+09           1       16689      704252       2.357       208.9                               211.3                                  
          2e+09           1       16689      704252       2.297       204.7                                 207                                  
        2.1e+09           1       16689      704252       2.402       222.9                               225.3                                  
        2.2e+09           1       16689      704252       2.383       230.5                               232.9                                  
        2.3e+09           1       16689      704252       2.536       216.8                               219.3                                  
        2.4e+09           1       16689      704252        2.35       222.7                                 225                                  
        2.5e+09           1       16689      704252       2.157         230                               232.2                                  
        2.6e+09           1       16689      704252       2.494       211.9                               214.4                                  
        2.7e+09           1       16689      704252       2.378       215.3                               217.7                                  
        2.8e+09           1       16689      704252       2.375       199.9                               202.3                                  
        2.9e+09           1       16689      704252       2.196       215.6                               217.8                                  
          3e+09           1       16689      704252       2.258       213.2                               215.5                                  
        3.1e+09           1       16689      704252       2.307       208.5                               210.8                                  
        3.2e+09           1       16689      704252       2.375       202.1                               204.5                                  
        3.3e+09           1       16689      704252        2.44       207.3                               209.7                                  
        3.4e+09           1       16689      704252       2.437       211.6                                 214                                  
        3.5e+09           1       16689      704252       2.398       225.9                               228.3                                  
        3.6e+09           1       16689      704252       2.383       214.7                               217.1                                  
        3.7e+09           1       16689      704252       2.383       225.3                               227.6                                  
        3.8e+09           1       16689      704252       2.383       222.7                               225.1                                  
        3.9e+09           1       16689      704252       2.111       212.3                               214.4                                  
          4e+09           1       16689      704252       2.441       230.4                               232.9                                  
        4.1e+09           1       16689      704252       2.384       220.5                               222.9                                  
        4.2e+09           1       16689      704252        2.08       211.9                                 214                                  
        4.3e+09           1       16689      704252       2.109       211.1                               213.2                                  
        4.4e+09           1       16689      704252        2.33       205.2                               207.5                                  
        4.5e+09           1       16689      704252       2.115       233.3                               235.5                                  
        4.6e+09           1       16689      704252       2.385       225.1                               227.4                                  
        4.7e+09           1       16689      704252       2.396       223.4                               225.8                                  
        4.8e+09           1       16689      704252       2.406       216.8                               219.2                                  
        4.9e+09           1       16689      704252       2.399       216.9                               219.3                                  
          5e+09           1       16689      704252       2.469       214.2                               216.7                                  
        5.1e+09           1       16689      704252       2.382       206.1                               208.5                                  
        5.2e+09           1       16689      704252       2.409       208.4                               210.8                                  
        5.3e+09           1       16689      704252       2.064         224                               226.1                                  
        5.4e+09           1       16689      704252       2.415         211                               213.4                                  
        5.5e+09           1       16689      704252       2.332         216                               218.4                                  
        5.6e+09           1       16689      704252       2.139         221                               223.1                                  
        5.7e+09           1       16689      704252       2.143         210                               212.2                                  
        5.8e+09           1       16689      704252       2.405       205.1                               207.5                                  
        5.9e+09           1       16689      704252         2.4       224.7                               227.1                                  
          6e+09           1       16689      704252       2.394       220.9                               223.3                                  
        6.1e+09           1       16689      704252       2.432       217.3                               219.7                                  
        6.2e+09           1       16689      704252       2.144       205.4                               207.6                                  
        6.3e+09           1       16689      704252       2.416       213.6                                 216                                  
        6.4e+09           1       16689      704252       2.423       222.5                               224.9                                  
        6.5e+09           1       16689      704252        2.13       206.1                               208.3                                  
        6.6e+09           1       16689      704252       2.355       212.2                               214.6                                  
        6.7e+09           1       16689      704252       2.426       218.1                               220.5                                  
        6.8e+09           1       16689      704252       2.156       209.4                               211.6                                  
        6.9e+09           1       16689      704252       2.425       214.7                               217.1                                  
          7e+09           1       16689      704252       2.386       211.6                                 214                                  
        7.1e+09           1       16689      704252       2.191       214.8                                 217                                  
        7.2e+09           1       16689      704252       2.467       207.5                                 210                                  
        7.3e+09           1       16689      704252       2.257       234.8                               237.1                                  
        7.4e+09           1       16689      704252       2.105         214                               216.1                                  
        7.5e+09           1       16689      704252       2.443       211.8                               214.2                                  
        7.6e+09           1       16689      704252       2.168       215.1                               217.3                                  
        7.7e+09           1       16689      704252       2.472       211.9                               214.4                                  
        7.8e+09           1       16689      704252       2.377       210.5                               212.9                                  
        7.9e+09           1       16689      704252       2.441       221.6                               224.1                                  
          8e+09           1       16689      704252       2.406       212.3                               214.7                                  
        8.1e+09           1       16689      704252       2.407       218.2                               220.6                                  
        8.2e+09           1       16689      704252       2.496       220.4                               222.9                                  
        8.3e+09           1       16689      704252       2.178       210.1                               212.3                                  
        8.4e+09           1       16689      704252       2.463       218.4                               220.8                                  
        8.5e+09           1       16689      704252       2.477       213.3                               215.8                                  
        8.6e+09           1       16689      704252       2.237       208.9                               211.1                                  
        8.7e+09           1       16689      704252       2.438       218.4                               220.9                                  
        8.8e+09           1       16689      704252       2.495       219.7                               222.2                                  
        8.9e+09           1       16689      704252       2.261       211.5                               213.8                                  
          9e+09           1       16689      704252       2.486       213.4                               215.9                                  
        9.1e+09           1       16689      704252       2.491       227.8                               230.3                                  
        9.2e+09           1       16689      704252       2.456       219.4                               221.8                                  
        9.3e+09           1       16689      704252       2.183       228.5                               230.7                                  
        9.4e+09           1       16689      704252       2.421         211                               213.4                                  
        9.5e+09           1       16689      704252       2.212       216.4                               218.6                                  
        9.6e+09           1       16689      704252       2.492       234.3                               236.8                                  
        9.7e+09           1       16689      704252       2.471       221.6                                 224                                  
        9.8e+09           1       16689      704252       2.483       200.4                               202.9                                  
        9.9e+09           1       16689      704252       2.153       226.5                               228.6                                  
