-------------------------------------------------------------------------------------------------------------------------------------------------
      frequency   iteration   mesh size   DOF count     setup,s     solve,s  mesh err,s    refine,s     total,s relative S error   H error metric
-------------------------------------------------------------------------------------------------------------------------------------------------
        6.4e+09           1       20628      423294       8.078          78       3.521     0.04126       89.64                         9.329e-05
                          2       21674      443061       1.059       82.76       4.759     0.04967       88.63           0.1378        3.467e-05
                          3       24480      497112        1.08       105.8       8.258     0.06089       115.2          0.09221        2.104e-05
                          4       28141      566325       1.082       135.9       13.45     0.07731       150.5          0.03334        1.403e-05
                          5       33349      664905       1.124       174.3       22.12     0.08678       197.6          0.03358        2.966e-05
                          6       36716      728946       1.132       192.6       27.66      0.1032       221.5         0.007765        6.428e-06
                          7       42397      835941       1.175       213.5        34.7      0.1152       249.5          0.03696        8.837e-06
                          8       47720      935442       1.203       238.4       38.15      0.1269       277.9         0.009378        4.367e-06
                          9       53212     1038267       1.182       286.4       41.43      0.1322       329.2         0.002229        4.311e-06
                         10       57022     1109112         1.2       348.7       42.85   0.0001448       392.8        0.0003233          3.4e-06
        5.2e+09           1       57022     1109112       1.217       381.3                               382.5                                  
        5.3e+09           1       57022     1109112       1.217         375                               376.2                                  
        5.4e+09           1       57022     1109112       1.227       380.4                               381.6                                  
        5.5e+09           1       57022     1109112       1.178       399.9                               401.1                                  
        5.6e+09           1       57022     1109112       1.281       348.8                               350.1                                  
        5.7e+09           1       57022     1109112       1.299       392.8                               394.1                                  
        5.8e+09           1       57022     1109112       1.289         407                               408.2                                  
        5.9e+09           1       57022     1109112        1.24         353                               354.3                                  
          6e+09           1       57022     1109112       1.248       356.7                               357.9                                  
        6.1e+09           1       57022     1109112        1.29       367.4                               368.7                                  
        6.2e+09           1       57022     1109112       1.253       363.1                               364.4                                  
        6.3e+09           1       57022     1109112       1.232       337.4                               338.7                                  
