--------------------------------------------------------------------------------------------------------------------------------------------------------------
      frequency   iteration   mesh size   DOF count     setup,s     solve,s  mesh err,s    refine,s  radiation,s     total,s relative S error   H error metric
--------------------------------------------------------------------------------------------------------------------------------------------------------------
        5.2e+09           1       57022     1109112       19.67       325.5                                46.91       392.1                                  
       5.22e+09           1       57022     1109112       1.177       315.7                                47.67       364.6                                  
       5.24e+09           1       57022     1109112       1.085       308.3                                48.22       357.6                                  
       5.26e+09           1       57022     1109112       1.161       349.1                                48.53       398.8                                  
       5.28e+09           1       57022     1109112        1.16       310.4                                48.81       360.4                                  
        5.3e+09           1       57022     1109112       1.176       323.8                                48.89       373.9                                  
       5.32e+09           1       57022     1109112       1.176       316.9                                49.08       367.1                                  
       5.34e+09           1       57022     1109112       1.191       329.3                                49.06       379.5                                  
       5.36e+09           1       57022     1109112       1.189       335.6                                 49.4       386.2                                  
       5.38e+09           1       57022     1109112       1.179       316.2                                 49.7       367.1                                  
        5.4e+09           1       57022     1109112       1.174       291.4                                49.79       342.4                                  
       5.42e+09           1       57022     1109112        1.19       316.9                                50.02       368.1                                  
       5.44e+09           1       57022     1109112       1.091       331.5                                50.13       382.7                                  
       5.46e+09           1       57022     1109112       1.089         336                                50.12       387.2                                  
       5.48e+09           1       57022     1109112       1.165       356.2                                50.27       407.6                                  
        5.5e+09           1       57022     1109112       1.178       325.7                                50.21       377.1                                  
       5.52e+09           1       57022     1109112       1.195       316.2                                50.24       367.7                                  
       5.54e+09           1       57022     1109112       1.115       341.8                                50.25       393.2                                  
       5.56e+09           1       57022     1109112       1.102       316.1                                50.34       367.6                                  
       5.58e+09           1       57022     1109112       1.199       295.4                                50.34         347                                  
        5.6e+09           1       57022     1109112       1.164       318.4                                50.61       370.2                                  
       5.62e+09           1       57022     1109112       1.105       345.2                                50.64         397                                  
       5.64e+09           1       57022     1109112        1.13       321.3                                50.71       373.1                                  
       5.66e+09           1       57022     1109112       1.211         304                                50.71         356                                  
       5.68e+09           1       57022     1109112       1.185       310.3                                50.76       362.3                                  
        5.7e+09           1       57022     1109112       1.209       308.9                                50.69       360.9                                  
       5.72e+09           1       57022     1109112       1.219       344.9                                50.86         397                                  
       5.74e+09           1       57022     1109112       1.206       378.6                                50.88       430.6                                  
       5.76e+09           1       57022     1109112       1.128         364                                50.97       416.1                                  
       5.78e+09           1       57022     1109112       1.218       314.8                                51.04       367.1                                  
        5.8e+09           1       57022     1109112       1.253       320.9                                50.98       373.1                                  
       5.82e+09           1       57022     1109112       1.169         323                                50.97       375.1                                  
       5.84e+09           1       57022     1109112       1.158       319.1                                51.08       371.3                                  
       5.86e+09           1       57022     1109112       1.238       348.5                                50.97       400.7                                  
       5.88e+09           1       57022     1109112       1.146       331.9                                51.08       384.2                                  
        5.9e+09           1       57022     1109112        1.17         331                                51.01       383.2                                  
       5.92e+09           1       57022     1109112        1.28       342.9                                51.15       395.4                                  
       5.94e+09           1       57022     1109112       1.237       359.4                                51.14       411.8                                  
       5.96e+09           1       57022     1109112       1.221       319.7                                51.19       372.1                                  
       5.98e+09           1       57022     1109112       1.221       344.5                                51.22         397                                  
          6e+09           1       57022     1109112       1.102       330.9                                51.21       383.2                                  
       6.02e+09           1       57022     1109112       1.225       347.2                                51.22       399.6                                  
       6.04e+09           1       57022     1109112       1.136       331.1                                51.34       383.6                                  
       6.06e+09           1       57022     1109112       1.225       316.1                                51.34       368.6                                  
       6.08e+09           1       57022     1109112       1.236       336.2                                51.27       388.7                                  
        6.1e+09           1       57022     1109112       1.159       310.7                                51.44       363.3                                  
       6.12e+09           1       57022     1109112       1.115       336.8                                51.41       389.3                                  
       6.14e+09           1       57022     1109112        1.24       311.5                                51.39       364.1                                  
       6.16e+09           1       57022     1109112       1.128       327.9                                51.39       380.5                                  
       6.18e+09           1       57022     1109112       1.164       321.6                                51.47       374.2                                  
        6.2e+09           1       57022     1109112        1.13       336.7                                51.58       389.4                                  
       6.22e+09           1       57022     1109112       1.251       303.2                                51.39       355.8                                  
       6.24e+09           1       57022     1109112       1.147       311.5                                 51.5       364.2                                  
       6.26e+09           1       57022     1109112       1.249       333.5                                51.51       386.2                                  
       6.28e+09           1       57022     1109112       1.249       332.8                                51.38       385.4                                  
        6.3e+09           1       57022     1109112       1.251       308.9                                51.61       361.7                                  
       6.32e+09           1       57022     1109112       1.269         331                                51.49       383.8                                  
       6.34e+09           1       57022     1109112       1.263       328.2                                51.47       380.9                                  
       6.36e+09           1       57022     1109112       1.265       326.4                                51.49       379.2                                  
       6.38e+09           1       57022     1109112       1.266       333.5                                51.59       386.3                                  
        6.4e+09           1       57022     1109112       1.265         327                                 51.6       379.9                                  
