-------------------------------------------------------------------------------------------------------------------------------------------------
      frequency   iteration   mesh size   DOF count     setup,s     solve,s  mesh err,s    refine,s     total,s relative S error   H error metric
-------------------------------------------------------------------------------------------------------------------------------------------------
          3e+09           1        8745       62634       7.936       9.911      0.5158    0.002432       18.37                         1.008e-05
                          2       11122       78216       2.181       13.24      0.9617    0.003069       16.39           0.2485        6.443e-06
                          3       13973       97094        2.23       16.88       1.207    0.004147       20.32           0.1352        3.542e-06
                          4       17286      119198       2.234       21.16        1.74     0.00444       25.14           0.1129        3.817e-06
                          5       20881      143276        2.26       25.87        1.97    0.006505       30.11          0.08315        2.377e-06
                          6       24754      169160       2.282       33.15       2.865    0.007862       38.31          0.09034        2.139e-06
                          7       30197      205260       2.366       41.91       3.579     0.01082       47.87          0.04296        1.921e-06
                          8       37245      251974       2.335       52.33        4.64     0.01592       59.32          0.03363        1.333e-06
                          9       48219      324074       2.373       73.91       6.827     0.01813       83.13          0.04658        3.941e-06
                         10       60795      406720       2.419       101.8       8.543     0.02418       112.8          0.02155        1.522e-06
                         11       76777      511496       2.518       134.9       11.34     0.03001       148.8          0.01613        4.001e-06
                         12       94389      627222       2.643       180.2       14.94     0.04386       197.8          0.04532        2.177e-06
                         13      118850      787558       2.785       249.1       21.64     0.05976       273.6          0.02012        9.636e-07
                         14      148023      978868       2.878       340.2       26.24     0.07749       369.4          0.01253        4.749e-06
                         15      182644     1205768        3.02       436.7        35.8     0.09335       475.6          0.02066        1.663e-06
                         16      229221     1510688       3.272       619.4        51.3   0.0001983         674         0.009366        1.271e-06
          5e+08           1      229221     1510688       328.9       606.8                               935.6                                  
        5.5e+08           1      229221     1510688       3.209       637.2                               640.4                                  
          6e+08           1      229221     1510688       3.229       616.1                               619.3                                  
        6.5e+08           1      229221     1510688       3.253       611.6                               614.9                                  
          7e+08           1      229221     1510688        3.24       612.7                               615.9                                  
        7.5e+08           1      229221     1510688       3.243       613.2                               616.4                                  
          8e+08           1      229221     1510688       3.277       597.7                                 601                                  
        8.5e+08           1      229221     1510688       3.295       611.7                                 615                                  
          9e+08           1      229221     1510688       3.307       602.3                               605.6                                  
        9.5e+08           1      229221     1510688       3.324       626.4                               629.7                                  
          1e+09           1      229221     1510688       3.325       594.7                                 598                                  
       1.05e+09           1      229221     1510688       3.364       578.6                                 582                                  
        1.1e+09           1      229221     1510688       3.347       616.1                               619.5                                  
       1.15e+09           1      229221     1510688       3.378       600.8                               604.2                                  
        1.2e+09           1      229221     1510688       3.433       637.9                               641.3                                  
       1.25e+09           1      229221     1510688       3.387       606.6                               609.9                                  
        1.3e+09           1      229221     1510688       3.409       606.6                                 610                                  
       1.35e+09           1      229221     1510688       3.357       605.6                               608.9                                  
        1.4e+09           1      229221     1510688       3.521       602.6                               606.2                                  
       1.45e+09           1      229221     1510688       3.419       604.5                               607.9                                  
        1.5e+09           1      229221     1510688       3.387       602.4                               605.8                                  
       1.55e+09           1      229221     1510688       3.453       607.8                               611.2                                  
        1.6e+09           1      229221     1510688       3.478       594.6                                 598                                  
       1.65e+09           1      229221     1510688       3.481       619.5                                 623                                  
        1.7e+09           1      229221     1510688       3.586       621.5                               625.1                                  
       1.75e+09           1      229221     1510688       3.515       602.2                               605.7                                  
        1.8e+09           1      229221     1510688       3.569       600.5                               604.1                                  
       1.85e+09           1      229221     1510688       3.556       579.9                               583.5                                  
        1.9e+09           1      229221     1510688       3.588       572.4                                 576                                  
       1.95e+09           1      229221     1510688       3.567         593                               596.6                                  
          2e+09           1      229221     1510688       3.582       610.3                               613.9                                  
       2.05e+09           1      229221     1510688       3.576       590.2                               593.8                                  
        2.1e+09           1      229221     1510688       3.713       621.8                               625.6                                  
       2.15e+09           1      229221     1510688       3.665         629                               632.7                                  
        2.2e+09           1      229221     1510688       3.589       578.2                               581.8                                  
       2.25e+09           1      229221     1510688       3.646       610.7                               614.4                                  
        2.3e+09           1      229221     1510688       3.647         624                               627.7                                  
       2.35e+09           1      229221     1510688       3.679       590.7                               594.4                                  
        2.4e+09           1      229221     1510688       3.658       600.2                               603.9                                  
       2.45e+09           1      229221     1510688       3.603       590.1                               593.7                                  
        2.5e+09           1      229221     1510688       3.674       585.6                               589.2                                  
       2.55e+09           1      229221     1510688        3.54       608.8                               612.3                                  
        2.6e+09           1      229221     1510688       3.749       630.2                               633.9                                  
       2.65e+09           1      229221     1510688       3.637       603.1                               606.7                                  
        2.7e+09           1      229221     1510688       3.743       617.3                               621.1                                  
       2.75e+09           1      229221     1510688       3.808         586                               589.8                                  
        2.8e+09           1      229221     1510688       3.764       611.2                               614.9                                  
       2.85e+09           1      229221     1510688       3.683       611.9                               615.6                                  
        2.9e+09           1      229221     1510688       3.989       593.7                               597.6                                  
       2.95e+09           1      229221     1510688       3.807       598.7                               602.5                                  
       3.05e+09           1      229221     1510688       3.779         589                               592.7                                  
        3.1e+09           1      229221     1510688        3.87       603.5                               607.3                                  
       3.15e+09           1      229221     1510688       3.821       619.6                               623.5                                  
        3.2e+09           1      229221     1510688       3.887       607.7                               611.5                                  
       3.25e+09           1      229221     1510688       3.909       599.9                               603.8                                  
        3.3e+09           1      229221     1510688       3.787         605                               608.8                                  
       3.35e+09           1      229221     1510688       3.914       588.7                               592.6                                  
        3.4e+09           1      229221     1510688       4.144       634.3                               638.4                                  
       3.45e+09           1      229221     1510688       4.072       662.1                               666.2                                  
        3.5e+09           1      229221     1510688       3.957       615.1                               619.1                                  
       3.55e+09           1      229221     1510688       4.054       602.7                               606.8                                  
        3.6e+09           1      229221     1510688        4.03       639.8                               643.9                                  
       3.65e+09           1      229221     1510688       4.091       606.6                               610.7                                  
        3.7e+09           1      229221     1510688       4.193       606.8                                 611                                  
       3.75e+09           1      229221     1510688       4.234       580.5                               584.8                                  
        3.8e+09           1      229221     1510688       4.151       635.8                                 640                                  
       3.85e+09           1      229221     1510688        4.29         605                               609.3                                  
        3.9e+09           1      229221     1510688       4.553       626.3                               630.9                                  
       3.95e+09           1      229221     1510688       4.384       600.5                               604.9                                  
          4e+09           1      229221     1510688       4.335       621.3                               625.6                                  
       4.05e+09           1      229221     1510688       4.258       601.5                               605.8                                  
        4.1e+09           1      229221     1510688       4.552       634.6                               639.1                                  
       4.15e+09           1      229221     1510688       4.539       618.2                               622.7                                  
        4.2e+09           1      229221     1510688       4.755       627.3                                 632                                  
       4.25e+09           1      229221     1510688       4.326       617.2                               621.5                                  
        4.3e+09           1      229221     1510688       4.225       618.6                               622.8                                  
       4.35e+09           1      229221     1510688       4.689       638.3                                 643                                  
        4.4e+09           1      229221     1510688       4.338         637                               641.3                                  
       4.45e+09           1      229221     1510688        4.52       649.2                               653.7                                  
        4.5e+09           1      229221     1510688       4.771       633.4                               638.2                                  
