-------------------------------------------------------------------------------------------------------------------------------------------------
      frequency   iteration   mesh size   DOF count     setup,s     solve,s  mesh err,s    refine,s     total,s relative S error   H error metric
-------------------------------------------------------------------------------------------------------------------------------------------------
          3e+09           1        8745      177150       203.1       46.74       2.899     0.00202       252.8                           7.7e-06
                          2       10808      216456       3.325       59.32       5.198    0.002826       67.85           0.1699        6.592e-06
                          3       13474      267531       3.932       73.85       6.759    0.004819       84.54          0.09345        4.894e-06
                          4       16133      318570       3.784       100.4       12.13    0.005531       116.4          0.09514        2.445e-06
                          5       19772      388389       3.777       122.3       13.58     0.00648       139.7          0.03712        1.992e-06
                          6       24008      469500       3.948         156       15.66    0.008586       175.7          0.03862        1.512e-06
                          7       30121      586092       4.276       216.7       22.42     0.01155       243.5          0.02671        1.286e-06
                          8       36186      702063       4.185       280.3       28.23      0.0145       312.8          0.01541        3.583e-06
                          9       45067      871134       3.821       395.7          37     0.01952       436.5          0.02788        1.329e-06
                         10       55227     1064706        4.17       521.8       49.25   0.0001835       575.2          0.01559        7.982e-07
