-------------------------------------------------------------------------------------------------------------------------------------------------
      frequency   iteration   mesh size   DOF count     setup,s     solve,s  mesh err,s    refine,s     total,s relative S error   H error metric
-------------------------------------------------------------------------------------------------------------------------------------------------
          3e+09           1        8745      382112        1670       167.1        14.2    0.002218        1851                         6.434e-06
                          2       11198      483804       4.566       232.8       27.38    0.003361       264.8          0.09652        3.823e-06
                          3       13906      597040       4.556       305.1       38.24    0.004144       347.9          0.05439         2.95e-06
                          4       17708      756032        4.61       404.3       48.02    0.005718       456.9          0.02219         2.17e-06
                          5       21940      933144       4.637       531.1       60.09     0.01172       595.8          0.02212        1.605e-06
                          6       26222     1112276       4.677       707.5       84.23   0.0001907       796.4         0.003934         1.41e-06
          5e+08           1       26222     1112276        2361       751.6                                3112                                  
        5.5e+08           1       26222     1112276       4.617       738.4                                 743                                  
          6e+08           1       26222     1112276       4.674       754.9                               759.5                                  
        6.5e+08           1       26222     1112276       4.664       752.9                               757.5                                  
          7e+08           1       26222     1112276       4.709       724.1                               728.8                                  
        7.5e+08           1       26222     1112276       4.756       706.4                               711.2                                  
          8e+08           1       26222     1112276       4.747       796.7                               801.4                                  
        8.5e+08           1       26222     1112276       4.741       755.3                                 760                                  
          9e+08           1       26222     1112276       4.725       725.4                               730.2                                  
        9.5e+08           1       26222     1112276       4.724       721.9                               726.6                                  
          1e+09           1       26222     1112276       4.666       707.5                               712.1                                  
       1.05e+09           1       26222     1112276       4.823       719.4                               724.3                                  
        1.1e+09           1       26222     1112276       4.851       715.9                               720.8                                  
       1.15e+09           1       26222     1112276       4.822       723.6                               728.4                                  
        1.2e+09           1       26222     1112276        4.85       686.9                               691.7                                  
       1.25e+09           1       26222     1112276       4.842       708.1                               712.9                                  
        1.3e+09           1       26222     1112276       4.916       710.1                               715.1                                  
       1.35e+09           1       26222     1112276        4.84       762.6                               767.4                                  
        1.4e+09           1       26222     1112276       4.916       753.8                               758.7                                  
       1.45e+09           1       26222     1112276       4.889       725.3                               730.2                                  
        1.5e+09           1       26222     1112276        4.93         747                                 752                                  
       1.55e+09           1       26222     1112276       4.868       737.6                               742.4                                  
        1.6e+09           1       26222     1112276       5.042       698.4                               703.5                                  
       1.65e+09           1       26222     1112276       4.948       704.8                               709.7                                  
        1.7e+09           1       26222     1112276       4.954       732.1                                 737                                  
       1.75e+09           1       26222     1112276       5.064       732.2                               737.2                                  
        1.8e+09           1       26222     1112276       5.089       721.3                               726.4                                  
       1.85e+09           1       26222     1112276       5.042       723.2                               728.3                                  
        1.9e+09           1       26222     1112276       5.036       731.5                               736.5                                  
       1.95e+09           1       26222     1112276       4.825       742.2                                 747                                  
          2e+09           1       26222     1112276       5.148         744                               749.2                                  
       2.05e+09           1       26222     1112276       5.145       765.5                               770.7                                  
        2.1e+09           1       26222     1112276       5.054       735.8                               740.8                                  
       2.15e+09           1       26222     1112276       5.157       747.4                               752.5                                  
        2.2e+09           1       26222     1112276       5.122       705.4                               710.5                                  
       2.25e+09           1       26222     1112276       5.184       709.6                               714.8                                  
        2.3e+09           1       26222     1112276       5.258       742.4                               747.6                                  
       2.35e+09           1       26222     1112276       5.221       721.3                               726.6                                  
        2.4e+09           1       26222     1112276        5.22       711.6                               716.9                                  
       2.45e+09           1       26222     1112276       5.234       706.7                               711.9                                  
        2.5e+09           1       26222     1112276       5.189       738.6                               743.8                                  
       2.55e+09           1       26222     1112276       5.119       722.4                               727.5                                  
        2.6e+09           1       26222     1112276         5.2       738.1                               743.3                                  
       2.65e+09           1       26222     1112276       5.329       719.5                               724.8                                  
        2.7e+09           1       26222     1112276       5.268       724.8                                 730                                  
       2.75e+09           1       26222     1112276       5.277       698.6                               703.9                                  
        2.8e+09           1       26222     1112276       5.294       712.2                               717.5                                  
       2.85e+09           1       26222     1112276       5.229       728.7                               733.9                                  
        2.9e+09           1       26222     1112276       5.323       688.2                               693.6                                  
       2.95e+09           1       26222     1112276       5.323       717.6                               722.9                                  
       3.05e+09           1       26222     1112276        5.39       761.1                               766.5                                  
        3.1e+09           1       26222     1112276       5.378       721.6                                 727                                  
       3.15e+09           1       26222     1112276       5.345       737.1                               742.5                                  
        3.2e+09           1       26222     1112276       5.328       741.3                               746.6                                  
       3.25e+09           1       26222     1112276       5.392       722.8                               728.2                                  
        3.3e+09           1       26222     1112276         5.4       722.2                               727.6                                  
       3.35e+09           1       26222     1112276       5.306       730.8                               736.1                                  
        3.4e+09           1       26222     1112276       5.395       698.7                               704.1                                  
       3.45e+09           1       26222     1112276       5.346       707.8                               713.2                                  
        3.5e+09           1       26222     1112276       5.399       751.5                               756.9                                  
       3.55e+09           1       26222     1112276       5.425       715.5                               720.9                                  
        3.6e+09           1       26222     1112276       5.292       761.6                               766.9                                  
       3.65e+09           1       26222     1112276       5.482       723.8                               729.3                                  
        3.7e+09           1       26222     1112276        5.64       723.3                               728.9                                  
       3.75e+09           1       26222     1112276       5.515       731.5                               737.1                                  
        3.8e+09           1       26222     1112276        5.48       746.3                               751.8                                  
       3.85e+09           1       26222     1112276       5.342       761.4                               766.8                                  
        3.9e+09           1       26222     1112276        5.44       713.7                               719.2                                  
       3.95e+09           1       26222     1112276       5.548       786.6                               792.2                                  
          4e+09           1       26222     1112276       5.543       751.3                               756.9                                  
       4.05e+09           1       26222     1112276       5.511       729.3                               734.8                                  
        4.1e+09           1       26222     1112276       5.588       764.1                               769.7                                  
       4.15e+09           1       26222     1112276       5.572       713.3                               718.9                                  
        4.2e+09           1       26222     1112276       5.661       749.3                                 755                                  
       4.25e+09           1       26222     1112276       5.874       737.2                               743.1                                  
        4.3e+09           1       26222     1112276       5.664       742.2                               747.9                                  
       4.35e+09           1       26222     1112276       5.812       711.2                                 717                                  
        4.4e+09           1       26222     1112276       5.738       745.7                               751.4                                  
       4.45e+09           1       26222     1112276       5.791       737.3                               743.1                                  
        4.5e+09           1       26222     1112276       5.638       726.4                               732.1                                  
