-------------------------------------------------------------------------------------------------------------------------------------------------
      frequency   iteration   mesh size   DOF count     setup,s     solve,s  mesh err,s    refine,s     total,s relative S error   H error metric
-------------------------------------------------------------------------------------------------------------------------------------------------
          3e+09           1        8745      177150       195.7       45.94       2.912    0.002045       244.6                           7.7e-06
                          2       10808      216456       2.985       56.38       5.083     0.00283       64.45           0.1699        6.592e-06
                          3       13474      267531       2.994       73.76       6.598    0.004795       83.35          0.09345        4.894e-06
                          4       16133      318570       2.993       96.84       11.99    0.005539       111.8          0.09514        2.445e-06
                          5       19772      388389       3.067       123.8       13.28    0.006508       140.2          0.03712        1.992e-06
                          6       24008      469500        3.05       150.1       15.79     0.00858       168.9          0.03862        1.512e-06
                          7       30121      586092       3.102       212.8       22.74     0.01136       238.6          0.02671        1.286e-06
                          8       36186      702063       3.181       281.5       27.64     0.01454       312.3          0.01541        3.583e-06
                          9       45067      871134       3.223       383.6       36.54     0.01954       423.4          0.02788        1.329e-06
                         10       55227     1064706        3.26       507.4       48.79   0.0002046       559.5          0.01559        7.982e-07
          5e+08           1       55227     1064706       277.6       525.9                               803.4                                  
        5.5e+08           1       55227     1064706       3.218       520.4                               523.6                                  
          6e+08           1       55227     1064706       3.224       551.6                               554.8                                  
        6.5e+08           1       55227     1064706       3.298       525.1                               528.4                                  
          7e+08           1       55227     1064706       3.572       529.8                               533.4                                  
        7.5e+08           1       55227     1064706       3.522       526.7                               530.2                                  
          8e+08           1       55227     1064706       3.297       521.2                               524.5                                  
        8.5e+08           1       55227     1064706       3.487         538                               541.5                                  
          9e+08           1       55227     1064706       3.515       524.8                               528.3                                  
        9.5e+08           1       55227     1064706       3.351         510                               513.4                                  
          1e+09           1       55227     1064706       3.354         526                               529.3                                  
       1.05e+09           1       55227     1064706       3.361         491                               494.3                                  
        1.1e+09           1       55227     1064706       3.372       513.8                               517.2                                  
       1.15e+09           1       55227     1064706       3.423       520.8                               524.3                                  
        1.2e+09           1       55227     1064706       3.382       513.2                               516.6                                  
       1.25e+09           1       55227     1064706       3.404       504.7                               508.1                                  
        1.3e+09           1       55227     1064706       3.456       512.8                               516.2                                  
       1.35e+09           1       55227     1064706       3.413         530                               533.4                                  
        1.4e+09           1       55227     1064706       3.424       498.6                                 502                                  
       1.45e+09           1       55227     1064706       3.518       540.4                               543.9                                  
        1.5e+09           1       55227     1064706        3.45       513.1                               516.6                                  
       1.55e+09           1       55227     1064706       3.466       518.5                               521.9                                  
        1.6e+09           1       55227     1064706       3.512       528.5                                 532                                  
       1.65e+09           1       55227     1064706       3.575       503.6                               507.2                                  
        1.7e+09           1       55227     1064706       3.711       516.4                               520.2                                  
       1.75e+09           1       55227     1064706        3.58       502.1                               505.6                                  
        1.8e+09           1       55227     1064706       3.577       501.7                               505.3                                  
       1.85e+09           1       55227     1064706       3.577       501.4                               504.9                                  
        1.9e+09           1       55227     1064706       3.597       512.5                               516.1                                  
       1.95e+09           1       55227     1064706       3.652       506.3                                 510                                  
          2e+09           1       55227     1064706       3.563         505                               508.6                                  
       2.05e+09           1       55227     1064706       3.615       501.1                               504.7                                  
        2.1e+09           1       55227     1064706       3.711       519.5                               523.3                                  
       2.15e+09           1       55227     1064706       3.746       499.9                               503.6                                  
        2.2e+09           1       55227     1064706       3.681       525.8                               529.4                                  
       2.25e+09           1       55227     1064706       3.843       512.5                               516.3                                  
        2.3e+09           1       55227     1064706       3.663       508.1                               511.8                                  
       2.35e+09           1       55227     1064706       3.758       518.1                               521.9                                  
        2.4e+09           1       55227     1064706       3.706       520.8                               524.5                                  
       2.45e+09           1       55227     1064706       3.774       510.7                               514.5                                  
        2.5e+09           1       55227     1064706       3.747       511.7                               515.5                                  
       2.55e+09           1       55227     1064706       3.748       503.1                               506.8                                  
        2.6e+09           1       55227     1064706       3.817       504.7                               508.5                                  
       2.65e+09           1       55227     1064706       3.828       512.2                               516.1                                  
        2.7e+09           1       55227     1064706       3.787       492.3                               496.1                                  
       2.75e+09           1       55227     1064706        3.67         496                               499.7                                  
        2.8e+09           1       55227     1064706       3.801       506.8                               510.6                                  
       2.85e+09           1       55227     1064706       3.872       524.3                               528.1                                  
        2.9e+09           1       55227     1064706       3.841       537.3                               541.2                                  
       2.95e+09           1       55227     1064706       3.889       517.7                               521.6                                  
       3.05e+09           1       55227     1064706       3.832       498.3                               502.1                                  
        3.1e+09           1       55227     1064706       3.913       525.3                               529.2                                  
       3.15e+09           1       55227     1064706       3.934       507.6                               511.5                                  
        3.2e+09           1       55227     1064706       3.787       491.8                               495.5                                  
       3.25e+09           1       55227     1064706       3.944       540.6                               544.5                                  
        3.3e+09           1       55227     1064706       3.992       500.5                               504.5                                  
       3.35e+09           1       55227     1064706       3.878       512.1                               515.9                                  
        3.4e+09           1       55227     1064706       3.813         516                               519.8                                  
       3.45e+09           1       55227     1064706       3.929       485.9                               489.9                                  
        3.5e+09           1       55227     1064706       3.938       513.9                               517.8                                  
       3.55e+09           1       55227     1064706       4.078       511.2                               515.3                                  
        3.6e+09           1       55227     1064706        4.14       523.6                               527.7                                  
       3.65e+09           1       55227     1064706           4       523.9                               527.9                                  
        3.7e+09           1       55227     1064706       4.052       513.9                               517.9                                  
       3.75e+09           1       55227     1064706       3.958       501.9                               505.8                                  
        3.8e+09           1       55227     1064706       4.053       530.1                               534.2                                  
       3.85e+09           1       55227     1064706       4.102       515.6                               519.7                                  
        3.9e+09           1       55227     1064706        4.11       514.6                               518.7                                  
       3.95e+09           1       55227     1064706       4.112       497.8                               501.9                                  
          4e+09           1       55227     1064706       4.068       488.9                                 493                                  
       4.05e+09           1       55227     1064706       4.211       520.7                               524.9                                  
        4.1e+09           1       55227     1064706       4.144       529.4                               533.5                                  
       4.15e+09           1       55227     1064706       4.135       504.4                               508.5                                  
        4.2e+09           1       55227     1064706       4.174       512.9                                 517                                  
       4.25e+09           1       55227     1064706       4.134       500.7                               504.9                                  
        4.3e+09           1       55227     1064706       4.196       515.6                               519.8                                  
       4.35e+09           1       55227     1064706       4.383       506.6                               510.9                                  
        4.4e+09           1       55227     1064706       4.214       500.7                               504.9                                  
       4.45e+09           1       55227     1064706        4.22       497.2                               501.4                                  
        4.5e+09           1       55227     1064706       4.167       495.7                               499.9                                  
