-------------------------------------------------------------------------------------------------------------------------------------------------
      frequency   iteration   mesh size   DOF count     setup,s     solve,s  mesh err,s    refine,s     total,s relative S error   H error metric
-------------------------------------------------------------------------------------------------------------------------------------------------
          3e+09           1        8745       12329       3.065       1.939     0.08993    0.001858       5.096                         4.691e-06
                          2       10998       15076       1.918       2.326      0.1339    0.003541       4.381           0.3344        2.942e-06
                          3       13606       18389       1.888       2.851       0.201    0.003874       4.944            0.213        2.603e-06
                          4       17995       23842       1.916       3.595      0.3832    0.004699       5.899           0.1743        2.092e-06
                          5       22792       29821        1.96        4.44      0.5169    0.006311       6.924          0.09285        1.643e-06
                          6       29414       38065       1.976       5.676      0.3829    0.008642       8.043          0.07997        1.464e-06
                          7       37536       48169       1.926       7.259       0.924     0.01062       10.12          0.03475        1.169e-06
                          8       48083       61212       1.988       8.884       1.194      0.0151       12.08          0.08232        9.539e-07
                          9       61662       77865       2.049       11.48       1.673        0.02       15.22            0.036        8.804e-07
                         10       77586       97472       2.094       14.77       1.195     0.03039       18.09          0.07486        6.896e-07
                         11       97674      122290       2.152       19.28       1.708     0.03938       23.18          0.09998        5.973e-07
                         12      121994      152161       2.259       25.03       2.299      0.0522       29.64          0.02755        5.064e-07
                         13      154674      192192       2.306       32.84       3.227     0.06762       38.44          0.06247         3.72e-07
                         14      193340      239637       2.449       42.97       4.059     0.09723       49.58          0.05905        4.385e-07
                         15      243207      300678       2.618       56.71       6.503       0.127       65.96          0.04432        3.476e-07
                         16      306806      378241       3.069       72.45       7.976      0.1808       83.67          0.03121        6.848e-07
                         17      378199      465382       3.074       96.39       11.65      0.1991       111.3          0.07357        3.795e-07
                         18      464735      570715       3.294       121.7       16.58      0.2591       141.9          0.08977         2.96e-07
                         19      577068      707107       3.607       158.6       20.56       0.405       183.2          0.02285        2.771e-07
                         20      713240      872442       4.035       201.4       29.68      0.5026       235.6          0.05679         2.06e-07
                         21      890558     1087636       4.882       275.8          42      0.7046       323.4          0.02781        1.935e-07
                         22     1100230     1341948       5.544         348       59.69      0.8751       414.1          0.02809        1.471e-07
                         23     1362892     1659489       6.459       476.7       86.55       1.238       570.9          0.04063        4.552e-07
                         24     1681119     2043454        7.53       646.3       125.1        1.83       780.8          0.02921        2.571e-07
                         25     2079898     2524342       9.055       855.5       184.3   0.0002244        1049          0.01757        7.948e-08
          5e+08           1     2079898     2524342        7584       907.5                                8492                                  
        5.5e+08           1     2079898     2524342       8.451       907.5                                 916                                  
          6e+08           1     2079898     2524342       8.488       898.8                               907.2                                  
        6.5e+08           1     2079898     2524342       8.506         880                               888.5                                  
          7e+08           1     2079898     2524342       8.476       867.1                               875.6                                  
        7.5e+08           1     2079898     2524342       8.426       869.2                               877.6                                  
          8e+08           1     2079898     2524342       8.448       845.4                               853.8                                  
        8.5e+08           1     2079898     2524342       8.476       837.7                               846.2                                  
          9e+08           1     2079898     2524342       8.456       888.8                               897.2                                  
        9.5e+08           1     2079898     2524342       8.424       861.5                               869.9                                  
          1e+09           1     2079898     2524342       8.512       859.7                               868.2                                  
       1.05e+09           1     2079898     2524342       8.623       867.6                               876.2                                  
        1.1e+09           1     2079898     2524342       8.476       861.7                               870.1                                  
       1.15e+09           1     2079898     2524342       8.638       843.4                                 852                                  
        1.2e+09           1     2079898     2524342       8.638       869.5                               878.2                                  
       1.25e+09           1     2079898     2524342       8.663       869.5                               878.2                                  
        1.3e+09           1     2079898     2524342       8.715       852.7                               861.4                                  
       1.35e+09           1     2079898     2524342       8.704       853.5                               862.2                                  
        1.4e+09           1     2079898     2524342       8.714       864.3                               873.1                                  
       1.45e+09           1     2079898     2524342       8.773       875.5                               884.2                                  
        1.5e+09           1     2079898     2524342       8.704       881.1                               889.8                                  
       1.55e+09           1     2079898     2524342       8.782       872.4                               881.2                                  
        1.6e+09           1     2079898     2524342       8.679       867.7                               876.4                                  
       1.65e+09           1     2079898     2524342       8.696       875.9                               884.6                                  
        1.7e+09           1     2079898     2524342       8.813         903                               911.8                                  
       1.75e+09           1     2079898     2524342        8.79       883.9                               892.6                                  
        1.8e+09           1     2079898     2524342       8.824       889.6                               898.4                                  
       1.85e+09           1     2079898     2524342       8.793       870.4                               879.2                                  
        1.9e+09           1     2079898     2524342       8.735       864.2                                 873                                  
       1.95e+09           1     2079898     2524342       8.734       870.8                               879.5                                  
          2e+09           1     2079898     2524342       8.746       866.5                               875.2                                  
       2.05e+09           1     2079898     2524342       8.822       870.6                               879.4                                  
        2.1e+09           1     2079898     2524342       8.737       878.7                               887.4                                  
       2.15e+09           1     2079898     2524342       8.882       867.1                                 876                                  
        2.2e+09           1     2079898     2524342       8.775       895.6                               904.4                                  
       2.25e+09           1     2079898     2524342       8.713       878.1                               886.8                                  
        2.3e+09           1     2079898     2524342       8.923       888.7                               897.6                                  
       2.35e+09           1     2079898     2524342       8.747       887.3                                 896                                  
        2.4e+09           1     2079898     2524342       8.802       865.7                               874.5                                  
       2.45e+09           1     2079898     2524342       8.834         881                               889.9                                  
        2.5e+09           1     2079898     2524342       9.036       885.8                               894.8                                  
       2.55e+09           1     2079898     2524342       8.836       915.3                               924.1                                  
        2.6e+09           1     2079898     2524342       8.897       875.5                               884.4                                  
       2.65e+09           1     2079898     2524342       8.985       880.7                               889.7                                  
        2.7e+09           1     2079898     2524342       8.931         841                                 850                                  
       2.75e+09           1     2079898     2524342       8.925       864.7                               873.7                                  
        2.8e+09           1     2079898     2524342       8.962       868.8                               877.7                                  
       2.85e+09           1     2079898     2524342        8.92       862.2                               871.2                                  
        2.9e+09           1     2079898     2524342        9.15       878.4                               887.6                                  
       2.95e+09           1     2079898     2524342       9.046       889.3                               898.3                                  
       3.05e+09           1     2079898     2524342       9.195       880.1                               889.3                                  
        3.1e+09           1     2079898     2524342       9.017       871.2                               880.2                                  
       3.15e+09           1     2079898     2524342       9.072       856.2                               865.3                                  
        3.2e+09           1     2079898     2524342       9.086       863.6                               872.7                                  
       3.25e+09           1     2079898     2524342       9.143         872                               881.2                                  
        3.3e+09           1     2079898     2524342       9.184       890.1                               899.3                                  
       3.35e+09           1     2079898     2524342       9.042       868.5                               877.6                                  
        3.4e+09           1     2079898     2524342       9.161       877.9                               887.1                                  
       3.45e+09           1     2079898     2524342        9.25       861.8                               871.1                                  
        3.5e+09           1     2079898     2524342       9.154       831.4                               840.5                                  
       3.55e+09           1     2079898     2524342        9.09       891.7                               900.8                                  
        3.6e+09           1     2079898     2524342       9.178       862.7                               871.9                                  
       3.65e+09           1     2079898     2524342       9.176       862.5                               871.7                                  
        3.7e+09           1     2079898     2524342       9.167       856.6                               865.7                                  
       3.75e+09           1     2079898     2524342       9.184       866.3                               875.5                                  
        3.8e+09           1     2079898     2524342       9.232       868.1                               877.3                                  
       3.85e+09           1     2079898     2524342       9.345       858.9                               868.2                                  
        3.9e+09           1     2079898     2524342       9.288       870.6                               879.9                                  
       3.95e+09           1     2079898     2524342       9.186       866.1                               875.3                                  
          4e+09           1     2079898     2524342       9.439       870.7                               880.1                                  
       4.05e+09           1     2079898     2524342        9.39       882.4                               891.8                                  
        4.1e+09           1     2079898     2524342       9.348       886.9                               896.2                                  
       4.15e+09           1     2079898     2524342       9.272       865.1                               874.4                                  
        4.2e+09           1     2079898     2524342       9.405       894.4                               903.8                                  
       4.25e+09           1     2079898     2524342       9.466       858.4                               867.9                                  
        4.3e+09           1     2079898     2524342       9.553       864.7                               874.3                                  
       4.35e+09           1     2079898     2524342       9.358         878                               887.4                                  
        4.4e+09           1     2079898     2524342       9.455       876.7                               886.1                                  
       4.45e+09           1     2079898     2524342       9.421       924.4                               933.8                                  
        4.5e+09           1     2079898     2524342       9.414       892.7                               902.1                                  
