-------------------------------------------------------------------------------------------------------------------------------------------------
      frequency   iteration   mesh size   DOF count     setup,s     solve,s  mesh err,s    refine,s     total,s relative S error   H error metric
-------------------------------------------------------------------------------------------------------------------------------------------------
          6e+08           1        8745      703755        8733       550.2                                9283                                  
        6.5e+08           1        8745      703755       7.391       541.5                               548.9                                  
          7e+08           1        8745      703755       7.467       544.9                               552.4                                  
        7.5e+08           1        8745      703755       7.462       530.5                                 538                                  
          8e+08           1        8745      703755       7.583       573.5                                 581                                  
        8.5e+08           1        8745      703755       7.736         562                               569.7                                  
          9e+08           1        8745      703755       7.721       545.5                               553.2                                  
        9.5e+08           1        8745      703755       7.336       529.8                               537.2                                  
          1e+09           1        8745      703755       7.406         583                               590.4                                  
       1.05e+09           1        8745      703755       7.188       559.4                               566.6                                  
        1.1e+09           1        8745      703755       7.751       571.1                               578.9                                  
       1.15e+09           1        8745      703755       7.545         556                               563.6                                  
        1.2e+09           1        8745      703755       7.625       579.2                               586.8                                  
       1.25e+09           1        8745      703755       7.626       536.4                                 544                                  
        1.3e+09           1        8745      703755       7.527       549.7                               557.2                                  
       1.35e+09           1        8745      703755       7.537         577                               584.5                                  
        1.4e+09           1        8745      703755       7.586       576.3                               583.9                                  
       1.45e+09           1        8745      703755       7.441       586.2                               593.6                                  
        1.5e+09           1        8745      703755       7.778       544.1                               551.9                                  
       1.55e+09           1        8745      703755       7.525       556.2                               563.8                                  
        1.6e+09           1        8745      703755       7.568         555                               562.5                                  
       1.65e+09           1        8745      703755       8.018       558.2                               566.2                                  
        1.7e+09           1        8745      703755        7.75       571.1                               578.8                                  
       1.75e+09           1        8745      703755       8.002       554.5                               562.5                                  
        1.8e+09           1        8745      703755       7.714       570.2                               577.9                                  
       1.85e+09           1        8745      703755       7.804       554.6                               562.4                                  
        1.9e+09           1        8745      703755       7.883       575.8                               583.6                                  
       1.95e+09           1        8745      703755       7.899       552.1                                 560                                  
          2e+09           1        8745      703755       7.857       552.7                               560.5                                  
       2.05e+09           1        8745      703755        7.96       559.6                               567.6                                  
        2.1e+09           1        8745      703755       7.977         544                                 552                                  
       2.15e+09           1        8745      703755       8.028       563.1                               571.1                                  
        2.2e+09           1        8745      703755       7.983       559.1                               567.1                                  
       2.25e+09           1        8745      703755       7.727       536.4                               544.1                                  
        2.3e+09           1        8745      703755       8.022       564.4                               572.4                                  
       2.35e+09           1        8745      703755       7.862       550.3                               558.2                                  
        2.4e+09           1        8745      703755       7.954       541.5                               549.5                                  
       2.45e+09           1        8745      703755       8.014       561.9                                 570                                  
        2.5e+09           1        8745      703755       8.097       558.1                               566.2                                  
       2.55e+09           1        8745      703755       8.036       551.7                               559.8                                  
        2.6e+09           1        8745      703755       7.772       595.5                               603.2                                  
       2.65e+09           1        8745      703755       8.172       550.1                               558.3                                  
        2.7e+09           1        8745      703755       8.347         558                               566.4                                  
       2.75e+09           1        8745      703755       8.244       553.2                               561.4                                  
        2.8e+09           1        8745      703755       8.099       543.1                               551.2                                  
       2.85e+09           1        8745      703755       7.895       565.7                               573.6                                  
        2.9e+09           1        8745      703755        8.22       561.4                               569.6                                  
       2.95e+09           1        8745      703755       8.175       525.7                               533.8                                  
          3e+09           1        8745      703755       8.278       544.4                               552.7                                  
       3.05e+09           1        8745      703755       8.276       571.5                               579.8                                  
        3.1e+09           1        8745      703755       8.267       552.3                               560.6                                  
       3.15e+09           1        8745      703755       8.183       552.5                               560.7                                  
        3.2e+09           1        8745      703755        8.39       554.6                                 563                                  
       3.25e+09           1        8745      703755       8.306       526.7                                 535                                  
        3.3e+09           1        8745      703755       8.331       561.5                               569.9                                  
       3.35e+09           1        8745      703755       8.315       560.3                               568.6                                  
        3.4e+09           1        8745      703755       8.384       556.8                               565.2                                  
       3.45e+09           1        8745      703755       8.313         545                               553.3                                  
        3.5e+09           1        8745      703755       8.336       555.8                               564.2                                  
       3.55e+09           1        8745      703755       8.363       555.1                               563.4                                  
        3.6e+09           1        8745      703755       8.271       582.2                               590.5                                  
       3.65e+09           1        8745      703755        8.21       536.3                               544.6                                  
        3.7e+09           1        8745      703755       8.624       545.5                               554.2                                  
       3.75e+09           1        8745      703755       8.598         569                               577.6                                  
        3.8e+09           1        8745      703755       8.542       545.4                               553.9                                  
       3.85e+09           1        8745      703755       8.538       573.6                               582.2                                  
        3.9e+09           1        8745      703755       8.644       538.7                               547.4                                  
       3.95e+09           1        8745      703755       8.482       567.7                               576.2                                  
          4e+09           1        8745      703755       8.456       540.1                               548.6                                  
       4.05e+09           1        8745      703755       8.697       550.3                                 559                                  
        4.1e+09           1        8745      703755       8.405       574.9                               583.3                                  
       4.15e+09           1        8745      703755       8.756       561.9                               570.7                                  
        4.2e+09           1        8745      703755       8.498       554.1                               562.6                                  
       4.25e+09           1        8745      703755       8.604       560.4                                 569                                  
        4.3e+09           1        8745      703755       8.539       539.5                               548.1                                  
       4.35e+09           1        8745      703755       8.744       567.6                               576.4                                  
        4.4e+09           1        8745      703755       8.557       541.1                               549.7                                  
       4.45e+09           1        8745      703755       8.599       559.4                                 568                                  
        4.5e+09           1        8745      703755       8.693       541.5                               550.2                                  
