-------------------------------------------------------------------------------------------------------------------------------------------------
      frequency   iteration   mesh size   DOF count     setup,s     solve,s  mesh err,s    refine,s     total,s relative S error   H error metric
-------------------------------------------------------------------------------------------------------------------------------------------------
          9e+09           1          30       23903       11.96       478.4       478.8   0.0004672       969.2                         0.0001558
                          2          89       68255       8.403        1813        1776   0.0005728        3598        3.441e-07        5.829e-05
                          3         154      117106       9.824        2458        2426   0.0005166        4893        1.854e-07        7.339e-05
                          4         181      137786       13.02        2902        2876   0.0005899        5791        1.124e-07        5.172e-05
                          5         255      192918       13.08        4704        4698   0.0006335        9415        2.277e-08        4.241e-05
                          6         356      267718       14.29        5908        5744   0.0006571   1.167e+04        8.009e-08        8.955e-05
                          7         382      286902       13.84        6448        6222   0.0006889   1.268e+04        2.303e-08        6.332e-05
                          8         429      321629       14.41        7134        6659   0.0007577   1.381e+04        6.971e-09        4.503e-05
                          9         636      473715       15.11   1.077e+04   1.025e+04   0.0007881   2.103e+04        8.445e-08        2.672e-05
                         10         765      570669       23.98   1.287e+04    1.23e+04   0.0009899    2.52e+04        1.111e-07        2.518e-05
