-------------------------------------------------------------------------------------------------------------------------------------------------
      frequency   iteration   mesh size   DOF count     setup,s     solve,s  mesh err,s    refine,s     total,s relative S error   H error metric
-------------------------------------------------------------------------------------------------------------------------------------------------
          9e+09           1          30        9800       4.411          16       14.08     0.00032       34.49                         2.818e-05
                          2          84       26120       3.174       65.64       61.69   0.0005832       130.5        1.338e-05        1.974e-05
                          3         271       81064       3.163       291.6       275.1   0.0005537       569.9         1.55e-05        3.562e-05
                          4         320       95864       3.774       296.9       280.7   0.0006055       581.5        1.121e-06        5.648e-06
                          5         366      109520       3.771       302.8       274.5   0.0005898         581        1.977e-09        4.788e-06
                          6         416      124336       3.791       325.9       288.4   0.0006876       618.2        2.456e-11        4.732e-06
                          7         713      211336        3.84       566.6       452.3    0.000765        1023        5.003e-09        4.135e-06
                          8         884      262200       6.353       733.5       585.7   0.0009442        1326        6.935e-08        5.973e-06
                          9        1267      375296       6.525        1021       836.9    0.001171        1864        4.643e-08        7.482e-06
                         10        1758      519584       7.899        1539        1228    0.001151        2774        7.811e-09        6.542e-06
                         11        2238      660640       9.551        1821        1335     0.00142        3166        8.018e-08        2.134e-06
                         12        2951      870360         9.6        2340        1649    0.001641        3999        1.669e-11         3.08e-06
                         13        3949     1163240       11.82        3484        2214    0.002463        5710        2.311e-08        1.798e-06
