-------------------------------------------------------------------------------------------------------------------------------------------------
      frequency   iteration   mesh size   DOF count     setup,s     solve,s  mesh err,s    refine,s     total,s relative S error   H error metric
-------------------------------------------------------------------------------------------------------------------------------------------------
          9e+09           1          30        4458       3.105       2.301       1.567   0.0003274       6.973                         4.849e-05
                          2         109       15012       2.216        9.11       6.035   0.0004732       17.36          0.00185        1.133e-05
                          3         159       21762       2.384       12.28       8.743    0.000439       23.41        9.552e-05        1.882e-05
                          4         227       30792       2.392       24.42        19.4   0.0004421       46.22        7.925e-07        1.158e-05
                          5         346       46032       2.375        41.1       30.75   0.0005793       74.23        6.347e-05        1.235e-05
                          6         393       52164       2.391       44.19        32.4   0.0004286       78.98        6.893e-07        7.864e-06
                          7         420       55914       2.781       44.93       32.54   0.0004971       80.25        4.515e-06        4.579e-06
                          8         574       76188       3.169       58.85       39.91   0.0004839       101.9        9.743e-06         4.97e-06
                          9         791      104472       3.418       69.82       40.16   0.0005479       113.4        3.258e-06        3.329e-06
                         10         972      128022       3.369       81.89       46.62   0.0006041       131.9        4.196e-08        4.331e-06
                         11        1235      162450       3.616       115.3       64.11   0.0006669         183        1.389e-06        2.875e-06
                         12        1589      208290       3.861       157.1       81.31   0.0009157       242.3        5.397e-06        1.665e-06
                         13        2063      269394       3.977       243.5       133.3     0.00113       380.8        1.135e-06        1.285e-06
                         14        2604      339246       4.789       283.8       135.9    0.001519       424.5        1.766e-06        1.277e-06
                         15        3343      434148       5.454         425       196.7    0.001712       627.2        6.134e-07         1.12e-06
                         16        4283      555528       6.682       557.9       220.8    0.002055       785.5        2.773e-06        9.233e-07
                         17        5530      715626        6.94       841.8       319.4    0.002659        1168         2.24e-08        6.136e-07
                         18        7028      907950       7.969        1198       440.7    0.002722        1646        4.749e-07        5.279e-07
                         19        9254     1193856       8.985        1573       460.4    0.003598        2042        1.396e-07        4.235e-07
                         20       12378     1594752       9.933        2654       645.9     0.00487        3310        6.064e-08        3.874e-07
                         21       16741     2153226       11.41        4371       926.1    0.005388        5308        6.689e-08        2.315e-07
