-------------------------------------------------------------------------------------------------------------------------------------------------
      frequency   iteration   mesh size   DOF count     setup,s     solve,s  mesh err,s    refine,s     total,s relative S error   H error metric
-------------------------------------------------------------------------------------------------------------------------------------------------
          9e+09           1          30        2735       2.625      0.8343      0.4615   0.0003311       3.921                         2.172e-05
                          2         109        9095       2.025       3.405       1.658   0.0005144       7.088         0.009244        1.284e-05
                          3         155       12810       2.155       5.006       2.998   0.0004328       10.16        0.0003007        1.013e-05
                          4         224       18350       2.181       8.075        5.22   0.0003882       15.48        0.0002102        1.377e-05
                          5         273       22320       2.282       8.549       5.249   0.0004443       16.08        0.0007998        1.346e-05
                          6         368       29560       2.279       13.16       8.368   0.0005081       23.81        3.761e-07        7.918e-06
                          7         414       33190       2.303       13.41       8.377   0.0005165       24.09        2.508e-05        6.585e-06
                          8         549       43855       2.512       15.57         8.4   0.0004427       26.48        7.912e-05        4.106e-06
                          9         631       50275       2.608       17.78       8.929   0.0005048       29.32        5.172e-06        3.973e-06
                         10         809       64335       2.766       25.65       12.05    0.000675       40.47        3.895e-05        4.644e-06
                         11        1132       89655       2.778       43.92       23.74   0.0008351       70.44        1.552e-05        4.196e-06
                         12        1443      113615       2.843       59.33        29.9   0.0009213       92.07         7.54e-06        2.866e-06
                         13        1933      151385       2.871       80.09       41.61    0.001136       124.6        3.139e-05        1.926e-06
                         14        2365      185085       3.149       98.93       43.47    0.001077       145.6        2.802e-05        2.303e-06
                         15        2917      228005       3.496       105.9       43.46    0.001202       152.8         2.63e-05        1.067e-06
                         16        3842      299825       4.063       152.7       55.81    0.001631       212.6        4.232e-05        7.837e-07
                         17        5606      435005       4.774         254       77.69    0.002317       336.5        8.703e-07        1.567e-06
                         18        7349      570045       4.949       408.1       128.3    0.003083       541.4        7.482e-07        1.241e-06
                         19        9304      719950        5.54       621.9       146.1    0.003523       773.6        2.323e-06        4.816e-07
                         20       12344      954105        6.43       908.9       177.1    0.004424        1092        3.663e-06         3.52e-07
                         21       15522     1198300       7.656        1274         211    0.005783        1492        1.682e-06        2.627e-07
                         22       20502     1580135       8.428        2121       304.6    0.006741        2434        6.804e-07        1.782e-07
                         23       25190     1940100       10.02        2970       386.4    0.009471        3367        8.773e-07        3.314e-07
                         24       32582     2506390       11.64        4541       483.9     0.01183        5036        3.529e-07        2.349e-07
