-------------------------------------------------------------------------------------------------------------------------------------------------
      frequency   iteration   mesh size   DOF count     setup,s     solve,s  mesh err,s    refine,s     total,s relative S error   H error metric
-------------------------------------------------------------------------------------------------------------------------------------------------
          9e+09           1          30        1524       2.284      0.3052     0.09392    0.000153       2.683                         2.542e-05
                          2         109        4980       1.876        1.16      0.3651   0.0004087       3.401          0.05701         1.14e-05
                          3         171        7740       1.913        1.74      0.6241   0.0003323       4.277          0.00786         1.59e-05
                          4         200        9064       1.919       2.216      0.7359   0.0003617       4.871         0.001296         5.89e-06
                          5         229       10388       2.132       2.016      0.7266   0.0003451       4.875         0.001652        7.002e-06
                          6         257       11600       2.058       2.308      0.8154   0.0003424       5.181        0.0006131        4.426e-06
                          7         276       12448       2.075       2.404      0.8246    0.000423       5.305        0.0001421        5.834e-06
                          8         412       18044       2.116       3.985       1.349   0.0004321        7.45        0.0002731        3.768e-06
                          9         492       21396       2.121       4.135       1.476   0.0005559       7.732        0.0001642        2.378e-06
                         10         638       27612       2.222       5.761       1.832   0.0004686       9.815        0.0006075        2.327e-06
                         11         749       32404       2.222       6.812       2.153   0.0005407       11.19        0.0006625        1.698e-06
                         12         883       38056       2.263       7.653       2.672   0.0005872       12.59        0.0001111        2.731e-06
                         13        1091       47084       2.364       8.866        2.84     0.00065       14.07        0.0002042        1.523e-06
                         14        1290       55524       2.422       11.14       2.961   0.0007824       16.52        0.0003216         1.08e-06
                         15        1851       78888       2.523        18.3       5.435   0.0009506       26.26        9.014e-06        1.384e-06
                         16        2407      101844       2.609       27.24       8.071    0.001404       37.92          8.6e-05        6.192e-07
                         17        3081      129816       2.847       35.75        9.79    0.001231       48.39        0.0003518        7.425e-07
                         18        3966      167124       3.125       50.89        12.4    0.001968       66.42        2.522e-05         3.93e-07
                         19        5130      215508        3.39       64.56       14.24    0.001757       82.19        2.131e-05        8.047e-07
                         20        6668      279400       3.763       93.78       19.28    0.002107       116.8        2.108e-05        2.572e-07
                         21        8583      358716       4.005       131.4       24.63    0.002782       160.1        1.832e-05         2.79e-07
                         22       11251      468744       4.186       230.3        31.3    0.003729       265.8        2.221e-05        2.753e-07
                         23       14455      601408       4.393       347.5       45.02    0.005225       396.9        1.247e-06        1.644e-07
                         24       18973      787192       5.149       538.9       60.63    0.005856       604.7        2.599e-06        3.626e-07
                         25       24241     1004792       6.391       840.2       75.99    0.008372       922.6        2.853e-06        1.436e-07
                         26       30414     1258484       7.332        1318       99.77     0.01094        1425        9.092e-07        3.019e-07
                         27       40629     1677920       8.638        1983       138.5     0.01502        2130        4.304e-06        1.938e-07
                         28       52321     2158092        9.77        3745       180.4      0.0177        3935        5.301e-07        7.223e-08
                         29       64039     2640100       10.46        5770       205.4     0.02256        5986        3.042e-07         5.63e-08
                         30       81083     3339120       11.39        9196       281.7     0.06616        9490         2.21e-07        1.284e-07
