-------------------------------------------------------------------------------------------------------------------------------------------------
      frequency   iteration   mesh size   DOF count     setup,s     solve,s  mesh err,s    refine,s     total,s relative S error   H error metric
-------------------------------------------------------------------------------------------------------------------------------------------------
          9e+09           1          30        6783        3.85       6.275       4.657   0.0002904       14.78                          2.04e-05
                          2          84       17969       2.634        23.8       20.69   0.0005308       47.12         9.78e-05        1.591e-05
                          3         143       30191       2.567       30.87       23.91   0.0004492       57.35         0.000104        1.018e-05
                          4         310       63553       2.588       111.3       89.75   0.0004651       203.6        6.166e-06        5.003e-06
                          5         356       72891       2.576       108.7       90.09   0.0004607       201.4        4.017e-08        2.378e-06
                          6         421       85974       2.593       121.5       97.22   0.0005144       221.3        4.081e-10        2.287e-06
                          7         638      129794       3.682       158.4       118.2   0.0006093       280.2        4.079e-07         2.51e-06
                          8         784      159488       4.267       205.2       151.2   0.0007714       360.7        5.539e-07        3.721e-06
                          9        1029      208558       5.001       272.9       173.7   0.0008008       451.7          5.1e-07        3.332e-06
                         10        1483      299747       5.626       399.4       242.4   0.0009466       647.4        6.553e-07          2.7e-06
                         11        1951      394170        7.22       539.9       327.1    0.001083       874.2        2.842e-07        3.759e-06
                         12        2464      497091       7.125       694.6       374.4    0.001266        1076        7.017e-08        3.294e-06
                         13        3109      625947       7.299         983       535.1    0.001729        1525        9.362e-09        1.225e-06
                         14        4038      811881       9.945        1521       880.6    0.001742        2412        1.069e-07        1.269e-06
                         15        5001     1004745       11.98        1732       914.7    0.002208        2658        1.471e-08        7.915e-07
                         16        6415     1285725       12.87        2732        1184    0.002784        3929        8.851e-08        6.708e-07
