-------------------------------------------------------------------------------------------------------------------------------------------------
      frequency   iteration   mesh size   DOF count     setup,s     solve,s  mesh err,s    refine,s     total,s relative S error   H error metric
-------------------------------------------------------------------------------------------------------------------------------------------------
          9e+09           1          30       13599       5.796       49.41       46.38   0.0004878       101.6                         9.865e-05
                          2         109       46845       4.188       205.1       194.8   0.0005265         404        2.605e-06        4.563e-05
                          3         159       68040       4.928         285       271.5   0.0005505       561.4        2.087e-07        6.546e-05
                          4         320      134190       4.995       799.6         783   0.0005864        1588        7.221e-08        3.309e-05
                          5         347      145863       6.732       830.5       796.1   0.0006675        1633        1.518e-09        2.181e-05
                          6         490      204948       7.385        1101        1030     0.00076        2138        4.427e-09        4.712e-05
                          7         720      299925       7.328        1677        1498   0.0008436        3182        7.878e-10        3.005e-05
                          8         894      372042        7.53        2007        1828   0.0009643        3842        5.724e-09        1.903e-05
                          9        1303      540234        8.58        3131        2706    0.001155        5846        1.468e-09        1.299e-05
                         10        1766      730485       9.034        4375        3719    0.001439        8103        1.407e-09        8.303e-06
