-------------------------------------------------------------------------------------------------------------------------------------------------
      frequency   iteration   mesh size   DOF count     setup,s     solve,s  mesh err,s    refine,s     total,s relative S error   H error metric
-------------------------------------------------------------------------------------------------------------------------------------------------
          9e+09           1          30          63       1.698      0.0295    0.009014   0.0001589       1.737                          8.21e-06
                          2          99         167       1.674     0.03234     0.01239   0.0004656       1.719            1.994        1.559e-05
                          3         141         230       1.683     0.03541     0.01277   0.0004201       1.732            1.665            3e-05
                          4         202         320       1.662     0.04272     0.01431   0.0004903        1.72            1.175        2.228e-05
                          5         355         516       1.712     0.05506      0.0156   0.0004395       1.783           0.8301        1.378e-05
                          6         390         567       1.712     0.06051     0.01533   0.0004655       1.788           0.3414        1.256e-05
                          7         486         685        1.74     0.06512     0.01667    0.000497       1.822           0.2595         1.01e-05
                          8         649         905       1.716     0.08055     0.01935   0.0005042       1.816           0.1814        8.745e-06
                          9         855        1202       1.758      0.1002     0.02345   0.0006311       1.883           0.1404        1.056e-05
                         10        1083        1528       1.783      0.1164     0.02724   0.0006193       1.927           0.2111        1.142e-05
                         11        1361        1889       1.782      0.1237     0.02934    0.000802       1.936           0.1872        6.696e-06
                         12        1718        2353       1.812       0.166     0.03859   0.0008713       2.018          0.08083        6.573e-06
                         13        2062        2794       1.843      0.1939     0.04203    0.001034        2.08          0.02884        4.736e-06
                         14        2594        3497        1.84      0.2743     0.05483    0.001143       2.171          0.07133        4.456e-06
                         15        3366        4544       1.862      0.3501     0.06858    0.001334       2.282          0.08607        4.432e-06
                         16        4186        5601       1.849      0.5022     0.07732    0.001913       2.431          0.08924         3.32e-06
                         17        5593        7409       1.944      0.7454      0.1066    0.002153       2.798          0.06657        3.462e-06
                         18        7435        9704       1.948      0.8411      0.1237     0.00224       2.915           0.0587        1.729e-06
                         19        9316       12082       1.987       1.691      0.1413    0.002785       3.822          0.04416        2.088e-06
                         20       11455       14739       1.949       2.075       0.188    0.003195       4.215          0.03205        1.015e-06
                         21       13787       17623       1.981       2.844      0.2133    0.003936       5.042          0.01611        7.081e-07
                         22       17064       21687       2.043       3.175       0.265    0.005211       5.488          0.01793        6.804e-07
                         23       23409       29515       2.102        4.37       0.363    0.007689       6.843          0.01123        6.786e-07
                         24       32426       40692       2.134       5.848      0.5283     0.01162       8.522          0.01809        6.414e-07
                         25       45282       56253       2.116       8.215      0.7725     0.01345       11.12          0.02009        6.963e-07
                         26       58746       72566       2.405       10.81       1.027     0.01913       14.26          0.02087        6.424e-07
                         27       73003       89829       2.462       14.13       1.439     0.02172       18.05           0.0125        4.602e-07
                         28       90249      110973       2.849       18.96       1.826     0.02589       23.66          0.01315        2.637e-07
                         29      106463      130769       2.883       23.41       2.284     0.03821       28.61         0.005706        1.743e-07
                         30      136493      166866       3.344       34.32       3.237     0.05224       40.96         0.004592        1.459e-07
                         31      193402      235669       3.456       49.33       5.526     0.07488       58.38          0.00457        1.555e-07
                         32      264330      321203       3.711       73.44       8.988      0.1089       86.25         0.004011         1.18e-07
                         33      358711      434037       4.734       115.3       14.58      0.1567       134.8         0.005691        1.439e-07
                         34      467777      563714       5.411       190.7       22.96       0.202       219.3         0.004583        1.459e-07
                         35      583666      702271       7.902       288.4       33.25      0.2523       329.8         0.004813        1.019e-07
                         36      708018      851623       9.044       402.5       46.25      0.3041       458.1         0.003087        1.171e-07
                         37      836348     1004867       9.356       581.7        62.2      0.4332       653.6         0.002101        4.494e-08
                         38     1069732     1282891       12.94       971.7       97.15      0.6631        1082         0.002637        4.488e-08
                         39     1469442     1763969       15.27        1317       172.3       1.062        1506         0.001753        3.447e-08
                         40     2023783     2424686       19.06        2194       303.2       1.635        2518         0.001409        8.072e-08
                         41     2700047     3225144       24.82        4103         545        2.54        4675         0.001935        3.272e-08
                         42     3515056     4187338       30.19        8102       909.9       3.658        9046        0.0008157        2.592e-08
                         43     4444668     5283988       40.13   1.408e+04        1445       4.436   1.557e+04         0.001283        2.404e-08
                         44     5395911     6411842       83.05   2.434e+04        2078       5.122    2.65e+04         0.001513        2.466e-08
