-------------------------------------------------------------------------------------------------------------------------------------------------
      frequency   iteration   mesh size   DOF count     setup,s     solve,s  mesh err,s    refine,s     total,s relative S error   H error metric
-------------------------------------------------------------------------------------------------------------------------------------------------
          9e+09           1          30       18270       7.836       142.4       150.3   0.0004786       300.5                         0.0001641
                          2         109       63240       5.665       575.5       623.5   0.0005398        1205        2.762e-07        6.018e-05
                          3         159       91890       6.957       755.2       800.8   0.0005541        1563        2.251e-08        2.643e-05
                          4         222      127390       6.989        1101        1170   0.0005415        2278        9.438e-10        2.182e-05
                          5         268      153620       9.439        1230        1329   0.0005868        2568        7.027e-09        2.915e-05
                          6         328      187570       9.393        1859        1959   0.0006631        3828        1.703e-09        1.464e-05
                          7         415      235580       8.917        2486        2617    0.000751        5112        2.591e-09        3.161e-05
                          8         630      355790       9.924        3705        3807   0.0008531        7521        9.249e-09        1.815e-05
                          9         931      524310       13.51        5697        5739    0.001015   1.145e+04        7.174e-09        1.014e-05
                         10        1174      661020       13.88        6642        6524    0.001053   1.318e+04        2.845e-09        9.405e-06
