-------------------------------------------------------------------------------------------------------------------------------------------------
      frequency   iteration   mesh size   DOF count     setup,s     solve,s  mesh err,s    refine,s     total,s relative S error   H error metric
-------------------------------------------------------------------------------------------------------------------------------------------------
          9e+09           1          30         735       2.101      0.1416      0.0285   0.0002618       2.271                         2.629e-05
                          2          73        1662       1.821      0.1898       0.064   0.0004431       2.076           0.2322         1.94e-05
                          3         123        2685       1.817      0.3297     0.08981   0.0003846       2.237           0.2387         1.66e-05
                          4         163        3510       1.854      0.5002      0.1452   0.0003886         2.5          0.02332        2.623e-05
                          5         210        4464       1.883      0.6159      0.1452   0.0003905       2.644           0.0299        2.494e-05
                          6         235        5001       1.912      0.7233      0.1498   0.0004157       2.785          0.01846         4.71e-06
                          7         288        6048       1.859      0.9028      0.2363   0.0004238       2.999         0.005106        3.991e-06
                          8         353        7308       1.894       1.388      0.2945   0.0004014       3.576         0.002497        3.818e-06
                          9         390        8037       1.933       1.321      0.2605   0.0003875       3.515         0.003274        3.872e-06
                         10         453        9303       1.958       1.408      0.2651   0.0004742       3.631         0.001125        4.541e-06
                         11         636       12789        1.95       1.935      0.4293   0.0004838       4.315         0.001864        3.249e-06
                         12         808       16101       1.954       2.385      0.5014    0.000486       4.842         0.002236        2.443e-06
                         13         991       19803       2.019       2.814      0.5483   0.0005515       5.382         0.004701        1.402e-06
                         14        1215       24258       2.076       3.377      0.6192   0.0006046       6.073          0.00193        1.272e-06
                         15        1475       29355       2.161       4.063      0.7839   0.0008594       7.009        0.0003218          1.2e-06
                         16        1658       33078       2.149       4.456      0.8773   0.0007312       7.483        0.0005609        1.239e-06
                         17        2171       42777       2.201       6.082       1.072    0.000886       9.356          0.00111        1.152e-06
                         18        2635       51648       2.237       7.958       1.496    0.001268       11.69        0.0001262        5.591e-07
                         19        3534       68775       2.426       11.37       2.119     0.00143       15.92        0.0003656        3.237e-07
                         20        4061       78849       2.499       13.43       2.183    0.001581       18.12        7.865e-05         2.25e-07
                         21        5464      105579       2.667       19.25       3.129    0.001981       25.05        0.0004204        4.458e-07
                         22        7101      136692       2.696       27.72       4.445    0.001957       34.86        0.0002391        2.921e-07
                         23        8728      168237       2.973       36.89       4.573    0.002594       44.44        0.0005097        7.343e-08
                         24       10989      211311       3.048       53.27       6.147    0.003034       62.47        5.856e-05        9.561e-08
                         25       13408      258240       3.176       67.82       7.536    0.003765       78.53        3.906e-05        6.614e-08
                         26       17437      334812       3.846       95.14       9.498    0.005389       108.5        0.0002555        3.831e-07
                         27       22162      423495       4.283       153.8       13.34     0.00809       171.5        0.0001199        4.647e-08
                         28       27989      533583       4.734       217.5       17.63    0.008448       239.9        2.774e-05        6.803e-08
                         29       34547      657486       5.259       329.4       22.22    0.009976       356.9        3.227e-05        2.495e-08
                         30       42418      805449       5.307       481.4       27.16     0.01346       513.9        6.095e-06        2.875e-08
                         31       52012      986082       6.264       705.9       36.24     0.01619       748.5        5.003e-05        9.464e-09
                         32       65246     1235484       7.519        1087        45.3     0.02173        1140        2.123e-05        6.999e-08
                         33       80681     1523778       7.921        1633       56.89     0.02794        1698        5.624e-06        6.232e-08
                         34      101724     1921020       8.895        2698       72.62      0.0345        2779        1.499e-05        3.695e-08
                         35      127273     2396730       8.615        3806       92.58     0.04382        3907        1.596e-06        1.995e-07
                         36      152615     2869491       10.32        6301       123.7     0.04985        6435        2.533e-05        3.959e-08
                         37      180670     3402090       12.73        8126         147      0.0617        8286        1.273e-05        5.022e-09
                         38      223824     4211121       16.29   1.368e+04       187.9     0.07772   1.388e+04        8.606e-06        6.788e-09
