-------------------------------------------------------------------------------------------------------------------------------------------------
      frequency   iteration   mesh size   DOF count     setup,s     solve,s  mesh err,s    refine,s     total,s relative S error   H error metric
-------------------------------------------------------------------------------------------------------------------------------------------------
          5e+10           1        2842       20816       8.205       2.308      0.6008   0.0007462       11.12                         1.254e-07
                          2        3709       26456        2.17       2.951      0.3185    0.001207        5.44         0.002312         9.04e-08
                          3        4659       32582       2.195       3.828      0.3426    0.001234       6.367          0.00241        7.095e-08
                          4        5654       39038       2.066       4.092      0.4067    0.001645       6.566        0.0008795        5.779e-08
                          5        6950       47470       2.147       5.354      0.6075    0.001669        8.11         0.001149        4.367e-08
                          6        8162       55396        2.17        6.51      0.6385    0.001867       9.321        0.0004552        3.512e-08
                          7        9426       63654       2.308       7.769      0.6895    0.003159       10.77        0.0005698        2.962e-08
                          8       12487       83750       2.363       11.12       1.144    0.003171       14.63         0.001619        2.495e-08
                          9       14951       99856       2.495       13.77       1.245      0.0036       17.52         0.001014        1.972e-08
                         10       17706      117788       2.449       16.97       1.493    0.004347       20.92        0.0006746        1.613e-08
                         11       21455      142330       2.482        20.4       1.897    0.005727       24.79         0.001011        1.411e-08
                         12       26588      175772       2.501       28.01       2.594    0.007212       33.11        0.0006327        1.345e-08
                         13       31857      210384       2.688       36.69        3.13     0.00999       42.52        0.0004806        1.035e-08
                         14       39191      258428       3.088       45.56       4.019   0.0002523       52.67        0.0004003        8.757e-09
