-------------------------------------------------------------------------------------------------------------------------------------------------
      frequency   iteration   mesh size   DOF count     setup,s     solve,s  mesh err,s    refine,s     total,s relative S error   H error metric
-------------------------------------------------------------------------------------------------------------------------------------------------
          8e+09           1         691       31724       9.499       4.668                               14.17                                  
        8.1e+09           1         691       31724       2.527       4.696                               7.224                                  
        8.2e+09           1         691       31724       2.509       4.523                               7.032                                  
        8.3e+09           1         691       31724       2.504        4.57                               7.074                                  
        8.4e+09           1         691       31724       2.684       4.655                               7.338                                  
        8.5e+09           1         691       31724       2.586       4.564                                7.15                                  
        8.6e+09           1         691       31724       2.538        4.54                               7.078                                  
        8.7e+09           1         691       31724       2.608       4.523                               7.131                                  
        8.8e+09           1         691       31724       2.695       4.665                                7.36                                  
        8.9e+09           1         691       31724       2.574       4.553                               7.128                                  
          9e+09           1         691       31724       2.705       4.598                               7.303                                  
        9.1e+09           1         691       31724       2.621       4.656                               7.278                                  
        9.2e+09           1         691       31724       2.595       4.581                               7.176                                  
        9.3e+09           1         691       31724       2.797       4.653                               7.449                                  
        9.4e+09           1         691       31724       2.784       4.545                               7.329                                  
        9.5e+09           1         691       31724       2.698       4.677                               7.375                                  
        9.6e+09           1         691       31724       2.517       4.609                               7.127                                  
        9.7e+09           1         691       31724       2.735       4.538                               7.273                                  
        9.8e+09           1         691       31724        2.72       4.515                               7.235                                  
        9.9e+09           1         691       31724       2.619       4.536                               7.155                                  
          1e+10           1         691       31724       2.652       4.572                               7.224                                  
       1.01e+10           1         691       31724       2.828       4.678                               7.506                                  
       1.02e+10           1         691       31724        2.75       4.561                               7.311                                  
       1.03e+10           1         691       31724       2.981        4.57                               7.551                                  
       1.04e+10           1         691       31724       2.988       4.676                               7.663                                  
       1.05e+10           1         691       31724       3.128       4.614                               7.741                                  
       1.06e+10           1         691       31724       3.069       4.609                               7.678                                  
       1.07e+10           1         691       31724       2.923       4.631                               7.553                                  
       1.08e+10           1         691       31724       2.995       4.561                               7.556                                  
       1.09e+10           1         691       31724       3.055       4.561                               7.616                                  
        1.1e+10           1         691       31724       2.913       4.551                               7.464                                  
       1.11e+10           1         691       31724       3.044       4.563                               7.607                                  
       1.12e+10           1         691       31724       3.091       4.557                               7.649                                  
       1.13e+10           1         691       31724       3.251       4.568                                7.82                                  
       1.14e+10           1         691       31724       2.956       4.602                               7.558                                  
       1.15e+10           1         691       31724       2.993       4.497                               7.489                                  
       1.16e+10           1         691       31724        3.14       4.568                               7.708                                  
      1.161e+10           1         691       31724       3.243       4.457                                 7.7                                  
      1.162e+10           1         691       31724       3.224       4.658                               7.882                                  
      1.163e+10           1         691       31724        2.92       4.538                               7.458                                  
      1.164e+10           1         691       31724       3.333       4.481                               7.814                                  
      1.165e+10           1         691       31724       3.021       4.516                               7.537                                  
      1.166e+10           1         691       31724        2.99       4.699                               7.689                                  
      1.167e+10           1         691       31724       3.023       4.462                               7.484                                  
      1.168e+10           1         691       31724       3.123       4.494                               7.616                                  
      1.169e+10           1         691       31724       3.109       4.447                               7.556                                  
       1.17e+10           1         691       31724       3.145       4.688                               7.833                                  
       1.18e+10           1         691       31724       3.054       4.582                               7.636                                  
       1.19e+10           1         691       31724       2.925       4.494                               7.419                                  
        1.2e+10           1         691       31724       3.031       4.456                               7.487                                  
       1.21e+10           1         691       31724       3.099       4.354                               7.453                                  
       1.22e+10           1         691       31724       3.213       4.498                               7.711                                  
       1.23e+10           1         691       31724       3.218       4.671                               7.889                                  
       1.24e+10           1         691       31724       3.283       4.574                               7.857                                  
       1.25e+10           1         691       31724       3.495       4.507                               8.003                                  
       1.26e+10           1         691       31724       3.303       4.487                                7.79                                  
       1.27e+10           1         691       31724        3.19       4.656                               7.846                                  
       1.28e+10           1         691       31724       3.258       4.519                               7.776                                  
       1.29e+10           1         691       31724       3.262       4.469                               7.731                                  
        1.3e+10           1         691       31724       3.481        4.48                               7.961                                  
