-------------------------------------------------------------------------------------------------------------------------------------------------
      frequency   iteration   mesh size   DOF count     setup,s     solve,s  mesh err,s    refine,s     total,s relative S error   H error metric
-------------------------------------------------------------------------------------------------------------------------------------------------
        1.3e+10           1         691        5396       5.287      0.6402     0.07814   0.0004583       6.006                         2.102e-06
                          2        1119        8126       2.057       1.349      0.1804   0.0007498       3.588          0.04042        1.589e-06
                          3        1615       11388       2.074       1.688      0.2563   0.0006735       4.019         0.008736        1.004e-06
                          4        2155       14894       2.071       2.126      0.2925   0.0007759        4.49          0.02336        6.997e-07
                          5        2656       18166       2.108       2.443      0.3506   0.0009114       4.903         0.008306        4.528e-07
                          6        3218       21854       2.198       3.111      0.4145    0.001002       5.724          0.01347        3.455e-07
                          7        3827       25840       2.222       3.685      0.4661    0.001345       6.374         0.001125        2.647e-07
                          8        4965       33298       2.261       4.835      0.6853    0.001839       7.784         0.003683        2.034e-07
                          9        6411       42804       2.128       6.464       1.036    0.002148        9.63         0.002273          1.5e-07
                         10        8371       55748       2.312        9.02       1.297    0.002958       12.63         0.002703        1.527e-07
                         11       10333       68828       2.339       11.23       1.821    0.003594       15.39         0.004387        1.506e-07
                         12       13600       89970       2.342       16.45       2.473    0.004048       21.27         0.001746        1.154e-07
                         13       16555      109322        2.42       20.56       2.862    0.004846       25.85         0.003255        9.908e-08
                         14       21220      139540       2.528       28.25       3.645    0.006522       34.43         0.001895        6.084e-08
                         15       26668      174616       2.404       40.24       4.928   0.0002663       47.57        0.0001884        4.543e-08
          8e+09           1       26668      174616       2.713       39.86                               42.57                                  
        8.1e+09           1       26668      174616       2.492       39.59                               42.08                                  
        8.2e+09           1       26668      174616       2.436       39.95                               42.39                                  
        8.3e+09           1       26668      174616       2.486       38.88                               41.36                                  
        8.4e+09           1       26668      174616       2.561       40.34                                42.9                                  
        8.5e+09           1       26668      174616       2.474       40.69                               43.16                                  
        8.6e+09           1       26668      174616       2.639       40.34                               42.98                                  
        8.7e+09           1       26668      174616       2.707       38.77                               41.48                                  
        8.8e+09           1       26668      174616       2.693       39.71                               42.41                                  
        8.9e+09           1       26668      174616       2.529       40.46                               42.99                                  
          9e+09           1       26668      174616       2.564       38.89                               41.45                                  
        9.1e+09           1       26668      174616       2.807        39.4                               42.21                                  
        9.2e+09           1       26668      174616       2.753       39.55                               42.31                                  
        9.3e+09           1       26668      174616       2.777       39.75                               42.53                                  
        9.4e+09           1       26668      174616       2.702       40.67                               43.38                                  
        9.5e+09           1       26668      174616       2.566       39.81                               42.38                                  
        9.6e+09           1       26668      174616       2.515       40.05                               42.57                                  
        9.7e+09           1       26668      174616       2.629       40.65                               43.28                                  
        9.8e+09           1       26668      174616       2.699       39.43                               42.13                                  
        9.9e+09           1       26668      174616       2.631       39.47                                42.1                                  
          1e+10           1       26668      174616        2.86       39.85                               42.71                                  
       1.01e+10           1       26668      174616       2.703       40.29                                  43                                  
       1.02e+10           1       26668      174616       2.931       38.77                                41.7                                  
       1.03e+10           1       26668      174616       3.071       40.44                               43.51                                  
       1.04e+10           1       26668      174616       2.895        39.8                               42.69                                  
       1.05e+10           1       26668      174616       2.973       39.67                               42.65                                  
       1.06e+10           1       26668      174616       3.048       39.53                               42.58                                  
       1.07e+10           1       26668      174616       2.931       39.36                               42.29                                  
       1.08e+10           1       26668      174616       2.995       38.65                               41.65                                  
       1.09e+10           1       26668      174616       3.066       39.14                               42.21                                  
        1.1e+10           1       26668      174616       2.977       38.84                               41.81                                  
       1.11e+10           1       26668      174616       2.995       40.91                                43.9                                  
       1.12e+10           1       26668      174616       2.946       39.29                               42.23                                  
       1.13e+10           1       26668      174616       2.832       38.71                               41.54                                  
       1.14e+10           1       26668      174616       2.868        41.4                               44.27                                  
       1.15e+10           1       26668      174616       2.992        40.1                               43.09                                  
       1.16e+10           1       26668      174616        2.85       39.99                               42.84                                  
      1.161e+10           1       26668      174616       2.938        40.1                               43.04                                  
      1.162e+10           1       26668      174616       3.042       40.51                               43.55                                  
      1.163e+10           1       26668      174616       3.162       39.53                                42.7                                  
      1.164e+10           1       26668      174616       2.965       41.23                                44.2                                  
      1.165e+10           1       26668      174616       2.902       40.57                               43.47                                  
      1.166e+10           1       26668      174616       2.932       41.25                               44.19                                  
      1.167e+10           1       26668      174616       3.041       39.63                               42.67                                  
      1.168e+10           1       26668      174616       2.912       39.69                               42.61                                  
      1.169e+10           1       26668      174616       2.918        41.3                               44.22                                  
       1.17e+10           1       26668      174616       2.989       39.86                               42.85                                  
       1.18e+10           1       26668      174616       2.899       39.86                               42.76                                  
       1.19e+10           1       26668      174616       3.169       39.43                                42.6                                  
        1.2e+10           1       26668      174616       3.171       39.88                               43.05                                  
       1.21e+10           1       26668      174616       3.175       39.21                               42.39                                  
       1.22e+10           1       26668      174616       3.162       39.18                               42.35                                  
       1.23e+10           1       26668      174616       3.335       38.79                               42.12                                  
       1.24e+10           1       26668      174616       3.138       39.85                               42.99                                  
       1.25e+10           1       26668      174616        3.14       38.31                               41.45                                  
       1.26e+10           1       26668      174616       3.193       39.93                               43.12                                  
       1.27e+10           1       26668      174616       3.215       39.83                               43.04                                  
       1.28e+10           1       26668      174616        3.51       39.13                               42.64                                  
       1.29e+10           1       26668      174616       3.202        40.4                                43.6                                  
