-------------------------------------------------------------------------------------------------------------------------------------------------
      frequency   iteration   mesh size   DOF count     setup,s     solve,s  mesh err,s    refine,s     total,s relative S error   H error metric
-------------------------------------------------------------------------------------------------------------------------------------------------
        3.5e+10           1         776       17031       18.49       1.761      0.2896   0.0003023       20.54                         4.099e-07
                          2        1008       21369       2.091       2.682      0.5308   0.0007693       5.305         0.004414        3.511e-07
                          3        1704       34593       2.235       4.168      0.9155    0.000845       7.319         0.003795        2.344e-07
                          4        2036       41235        2.39       5.245       1.296    0.001325       8.932         0.008858        1.455e-07
                          5        3158       62652       2.316       9.494       2.535     0.00193       14.35         0.002855        9.971e-08
                          6        4473       87840        2.82       15.59       4.834    0.003163       23.25         0.009338        6.581e-08
                          7        6171      120351       2.994       24.61       7.564    0.004034       35.17         0.003694        5.264e-08
                          8        8118      157608       3.236       33.22       10.22    0.006306       46.69         0.003355        5.465e-08
                          9       11015      212712       3.334       51.26       16.11    0.007925       70.71         0.001592        3.326e-08
                         10       14251      274149       3.457          67       21.49     0.01031       91.96         0.001216        3.018e-08
                         11       18968      363549       3.516       98.54        30.1     0.01606       132.2         0.001028        1.208e-08
                         12       25171      480834       3.873       139.6       46.61     0.01739       190.1        0.0005907        2.924e-07
                         13       31109      592647       3.992       177.8       56.65   0.0002571       238.5        0.0004497        8.896e-08
        2.6e+10           1       31109      592647       3.858       180.5                               184.3                                  
