-------------------------------------------------------------------------------------------------------------------------------------------------
      frequency   iteration   mesh size   DOF count     setup,s     solve,s  mesh err,s    refine,s     total,s relative S error   H error metric
-------------------------------------------------------------------------------------------------------------------------------------------------
        3.5e+10           1         776       17031       20.47       1.799      0.2836   0.0003003       22.56                         4.099e-07
                          2        1008       21369       2.086       2.501      0.5605   0.0007054       5.148         0.004414        3.511e-07
                          3        1704       34593       2.229       4.366      0.9346   0.0007869       7.531         0.003795        2.344e-07
                          4        2036       41235       2.409       5.181       1.304    0.001218       8.895         0.008858        1.455e-07
                          5        3158       62652       2.411       9.421       2.538    0.001928       14.37         0.002855        9.971e-08
                          6        4473       87840        2.77       15.58       4.875    0.002897       23.23         0.009338        6.581e-08
                          7        6171      120351       2.953       23.58       7.403    0.003649       33.94         0.003694        5.264e-08
                          8        8118      157608       3.204       32.83       10.15    0.005995       46.19         0.003355        5.465e-08
                          9       11015      212712        3.26       50.46       16.03    0.007439       69.75         0.001592        3.326e-08
                         10       14251      274149       3.501       66.86       21.87     0.01011       92.24         0.001216        3.018e-08
                         11       18968      363549       3.476       97.33       30.22     0.01603         131         0.001028        1.208e-08
                         12       25171      480834       3.841       141.2       46.71     0.01754       191.8        0.0005907        2.924e-07
                         13       31109      592647       3.862       181.3       56.39    0.000242       241.6        0.0004497        8.896e-08
        2.6e+10           1       31109      592647        3.83       182.9                               186.8                                  
