-------------------------------------------------------------------------------------------------------------------------------------------------
      frequency   iteration   mesh size   DOF count     setup,s     solve,s  mesh err,s    refine,s     total,s relative S error   H error metric
-------------------------------------------------------------------------------------------------------------------------------------------------
        1.2e+10           1        5599      235876       2.663       57.18       4.638       0.014       64.49                         2.987e-06
                          2        6869      287812      0.6393       77.45       7.613     0.01447       85.72        1.621e-05        8.389e-07
                          3        7689      321436      0.6815       89.85       7.716     0.01703       98.27          0.01719        7.984e-07
                          4        9567      398072      0.6892       128.9       10.96      0.0205       140.6          0.00415         5.98e-07
                          5       11656      483668      0.7607       149.8       12.61     0.02313       163.2          0.02092        2.493e-07
                          6       13100      543272      0.7809       194.1       14.77     0.02709       209.7          0.01603        4.607e-07
                          7       15322      634600      0.7098       243.6       17.44      0.0309       261.8         0.009877        1.502e-07
                          8       17394      719484      0.7178       347.8       20.34      0.0351       368.9         0.004227        1.021e-07
                          9       19405      801600      0.7194       417.8       22.82   0.0002068       441.3        0.0003936        8.197e-08
          8e+09           1       19405      801600      0.7318       425.2                               425.9                                  
       8.25e+09           1       19405      801600      0.7164       417.6                               418.3                                  
        8.5e+09           1       19405      801600       0.768       450.1                               450.9                                  
       8.75e+09           1       19405      801600      0.8351       475.1                                 476                                  
          9e+09           1       19405      801600      0.7673         479                               479.7                                  
       9.25e+09           1       19405      801600      0.8464       448.7                               449.6                                  
        9.5e+09           1       19405      801600      0.7623       428.3                               429.1                                  
       9.75e+09           1       19405      801600      0.7678       459.8                               460.6                                  
          1e+10           1       19405      801600      0.7929       466.1                               466.9                                  
      1.025e+10           1       19405      801600      0.8252       488.5                               489.3                                  
       1.05e+10           1       19405      801600      0.8315       424.7                               425.5                                  
      1.075e+10           1       19405      801600       0.768       436.5                               437.3                                  
        1.1e+10           1       19405      801600       1.182       443.6                               444.7                                  
      1.125e+10           1       19405      801600      0.9142       448.7                               449.6                                  
       1.15e+10           1       19405      801600       1.126       452.1                               453.2                                  
      1.175e+10           1       19405      801600       0.869       461.2                               462.1                                  
