-------------------------------------------------------------------------------------------------------------------------------------------------
      frequency   iteration   mesh size   DOF count     setup,s     solve,s  mesh err,s    refine,s     total,s relative S error   H error metric
-------------------------------------------------------------------------------------------------------------------------------------------------
          9e+09           1       19405      801600       4.838       449.5                               454.4                                  
       9.02e+09           1       19405      801600      0.7612       426.6                               427.3                                  
       9.04e+09           1       19405      801600      0.8118       433.7                               434.5                                  
       9.06e+09           1       19405      801600      0.7855       448.1                               448.9                                  
       9.08e+09           1       19405      801600       0.758         428                               428.7                                  
        9.1e+09           1       19405      801600      0.7263       430.3                                 431                                  
       9.12e+09           1       19405      801600       1.401       436.6                                 438                                  
       9.14e+09           1       19405      801600      0.8191       442.8                               443.6                                  
       9.16e+09           1       19405      801600      0.8177       389.4                               390.2                                  
       9.18e+09           1       19405      801600      0.8233       420.5                               421.3                                  
        9.2e+09           1       19405      801600       0.854       463.8                               464.6                                  
       9.22e+09           1       19405      801600      0.9185       456.1                                 457                                  
       9.24e+09           1       19405      801600      0.7328       416.1                               416.9                                  
       9.26e+09           1       19405      801600      0.7894         480                               480.8                                  
       9.28e+09           1       19405      801600      0.7945       437.6                               438.4                                  
        9.3e+09           1       19405      801600      0.7178       399.4                               400.1                                  
       9.32e+09           1       19405      801600      0.7045       385.1                               385.8                                  
       9.34e+09           1       19405      801600      0.7027       411.7                               412.4                                  
       9.36e+09           1       19405      801600       0.715       372.1                               372.8                                  
       9.38e+09           1       19405      801600      0.7147       450.5                               451.2                                  
        9.4e+09           1       19405      801600      0.7202       424.3                                 425                                  
       9.42e+09           1       19405      801600      0.7083       400.7                               401.4                                  
       9.44e+09           1       19405      801600      0.7154       430.3                                 431                                  
       9.46e+09           1       19405      801600      0.7097       375.3                                 376                                  
       9.48e+09           1       19405      801600      0.7154       455.9                               456.6                                  
        9.5e+09           1       19405      801600      0.8161       431.3                               432.1                                  
       9.52e+09           1       19405      801600      0.7143         415                               415.7                                  
       9.54e+09           1       19405      801600      0.7143         411                               411.7                                  
       9.56e+09           1       19405      801600      0.7074       397.6                               398.3                                  
       9.58e+09           1       19405      801600      0.7159       411.5                               412.3                                  
        9.6e+09           1       19405      801600      0.7227       399.3                                 400                                  
