-------------------------------------------------------------------------------------------------------------------------------------------------
      frequency   iteration   mesh size   DOF count     setup,s     solve,s  mesh err,s    refine,s     total,s relative S error   H error metric
-------------------------------------------------------------------------------------------------------------------------------------------------
       9.36e+09           1       19405      801600       4.321         404                               408.3                                  
      9.365e+09           1       19405      801600      0.6806         419                               419.6                                  
       9.37e+09           1       19405      801600       0.691       434.3                                 435                                  
      9.375e+09           1       19405      801600      0.6809       398.8                               399.4                                  
       9.38e+09           1       19405      801600      0.6939       388.3                                 389                                  
      9.385e+09           1       19405      801600      0.6952       401.1                               401.8                                  
       9.39e+09           1       19405      801600      0.6571       405.2                               405.8                                  
      9.395e+09           1       19405      801600      0.7049       404.5                               405.2                                  
        9.4e+09           1       19405      801600      0.6825         434                               434.6                                  
