-------------------------------------------------------------------------------------------------------------------------------------------------
      frequency   iteration   mesh size   DOF count     setup,s     solve,s  mesh err,s    refine,s     total,s relative S error   H error metric
-------------------------------------------------------------------------------------------------------------------------------------------------
        1.2e+10           1       11270      225735       5.203       35.87       2.011    0.004614       43.08                         0.0001644
                          2       14565      287352       0.975       48.04       5.595    0.006672       54.61          0.04623            8e-05
                          3       17920      350154      0.9168       71.63       8.901    0.008263       81.46          0.06663        0.0001134
                          4       22936      443589       1.017       102.7       10.95    0.009976       114.7          0.01147        3.831e-05
                          5       28208      541623       0.961       128.7       13.48     0.01031       143.1          0.01045        1.584e-05
                          6       33608      642054       1.033       207.4       15.14    0.000132       223.6         0.004884        3.176e-05
        2.4e+09           1       33608      642054       2.311       180.1                               182.4                                  
