-------------------------------------------------------------------------------------------------------------------------------------------------
      frequency   iteration   mesh size   DOF count     setup,s     solve,s  mesh err,s    refine,s     total,s relative S error absolute H error
-------------------------------------------------------------------------------------------------------------------------------------------------
          1e+10           1         348        7932      0.9403      0.4948      0.1469    0.000293       1.582                         1.204e-05
                          2         518       11214      0.5292      0.8613      0.2596   0.0005154       1.651         0.004944        3.289e-05
                          3         577       12360       0.525       0.825      0.2698   0.0004466        1.62        8.605e-06        3.216e-05
                          4         666       14097      0.5265      0.9509      0.2468   0.0004354       1.725        0.0002836        2.702e-05
                          5         764       16008      0.5151       1.037       0.304   0.0006291       1.857        0.0009441        1.411e-05
                          6         956       19779      0.5262       1.288      0.3664   0.0006081       2.181         0.004851         1.23e-05
                          7        1099       22659      0.5338       1.514      0.3486   0.0001812       2.396        1.942e-05        7.814e-06
