-------------------------------------------------------------------------------------------------------------------------------------------------
      frequency   iteration   mesh size   DOF count     setup,s     solve,s  mesh err,s    refine,s     total,s relative S error   H error metric
-------------------------------------------------------------------------------------------------------------------------------------------------
        1.2e+10           1         718        5696       3.445      0.4507     0.08595   0.0004379       3.982                         1.051e-06
                          2        1080        8130       2.054      0.8827      0.2354    0.001207       3.174          0.05928        3.998e-07
                          3        1593       11626        2.24       1.334      0.4588    0.001216       4.033          0.02071        3.512e-07
                          4        2222       15854       2.218       1.854      0.7593     0.00198       4.833           0.0193        3.078e-07
                          5        3359       23418       2.171       2.931       1.247    0.003014       6.353         0.009536        1.835e-07
                          6        4878       33530       2.524       4.454       1.944    0.004127       8.926          0.01368         1.54e-07
                          7        6542       44482       2.678       6.279       2.965    0.005944       11.93         0.003996        1.118e-07
                          8        8867       59794       2.743       8.926       4.364    0.008125       16.04         0.003258        8.431e-08
                          9       11655       78204       3.048       11.97       6.212      0.0115       21.25          0.00414        5.693e-08
                         10       15536      103710       3.072       17.32       9.181     0.01728       29.59         0.002236        3.589e-08
                         11       22612      150290       4.593       27.37       15.25     0.02007       47.24          0.00258        4.571e-08
                         12       29162      193282       3.686       36.32       19.87   0.0002173       59.87        0.0009993        2.134e-08
